###start###
20:40:48
[[     446.68       522.1]
 [     429.56      543.24]
 [     412.13      547.27]
 [          0           0]
 [          0           0]
 [     206.97      554.83]
 [          0           0]
 [          0           0]
 [     23.486      575.05]
 [     15.267      576.82]
 [     7.3641      584.45]
 [     4.2499      593.81]
 [     24.068      563.54]
 [          0           0]
 [          0           0]
 [     3.9667      575.54]
 [     2.2418      604.07]
 [     23.824      621.33]
 [     1.8359      656.02]
 [     19.627      635.28]
 [          0           0]
 [          0           0]
 [          0           0]
 [       3.64      678.58]
 [     9.1032      719.11]
 [     13.882      775.33]
 [       19.8      792.15]
 [          0           0]
 [     5.2947      807.12]
 [          0           0]
 [     3.2567      796.33]
 [          0           0]
 [          0           0]
 [          0           0]
 [          0           0]
 [          0           0]
 [          0           0]
 [          0           0]
 [     17.281      790.34]
 [     13.773       793.9]
 [     6.8422      793.99]
 [     11.429      792.25]
 [          0           0]
 [          0           0]
 [          0           0]
 [          0           0]
 [          0           0]
 [          0           0]
 [          0           0]
 [          0           0]
 [          0           0]
 [          0           0]
 [          0           0]
 [          0           0]
 [     10.675      781.01]
 [     3.8773      774.54]
 [   -0.62511      784.93]
 [     11.226      787.59]
 [     9.7851      793.28]
 [     11.298      783.89]
 [     9.7449      782.96]
 [     11.752       780.9]
 [     7.6428      784.04]
 [     11.991      788.55]
 [     13.941      789.34]
 [     12.962       787.1]
 [     34.339      778.74]
 [     49.351      795.11]
 [     59.648      834.37]
 [     73.318      891.63]
 [     82.963      935.22]
 [     114.21      1010.3]
 [      155.6      1011.4]
 [      189.6        1041]
 [     224.24      1074.1]
 [     227.81      1064.9]
 [      285.1      1072.8]
 [     299.78      1088.1]
 [          0           0]
 [     343.91      1084.5]
 [     372.71        1072]
 [     429.49      1075.8]
 [     480.94      1073.6]
 [     531.02      1081.7]
 [      577.5      1081.7]
 [     609.72      1080.4]
 [          0           0]
 [     752.71      1077.2]
 [      833.3      1077.9]
 [     880.01      1078.6]
 [      963.3      1078.9]]
---
[[     429.56      420.85      210.42           0           0      206.97           0           0      23.486      15.267      7.3641      4.2499      24.068           0           0      3.9667      2.2418      23.824      1.8359      19.627           0           0           0        3.64      9.1032      13.882
         19.8           0      5.2947           0      3.2567           0           0           0           0           0           0           0      17.281      13.773      6.8422      11.429           0           0           0           0           0           0           0           0           0           0
            0           0      10.675      3.8773    -0.62511      11.226      9.7851      11.298      9.7449      11.752      7.6428      11.991      13.941      12.962      34.339      49.351      59.648      73.318      82.963      114.21       155.6       189.6      224.24      227.81       285.1      299.78
            0      186.35      307.92      394.43      462.73      520.11      564.92      282.46           0      416.65      648.33      805.81      805.81]
 [      522.1      543.24      547.27      273.64      414.23      554.83      277.41      426.23      575.05      576.82      584.45      593.81      563.54      281.77      428.65      575.54      604.07      621.33      656.02      635.28      317.64      158.82       418.7      678.58      719.11      775.33
       792.15      799.63      807.12      801.72      796.33      398.16      199.08      99.541      49.771      24.885      12.443      401.39      790.34       793.9      793.99      792.25      396.12      198.06      99.031      49.515      24.758      12.379      6.1894      3.0947      1.5474     0.77368
      0.38684       390.7      781.01      774.54      784.93      787.59      793.28      783.89      782.96       780.9      784.04      788.55      789.34       787.1      778.74      795.11      834.37      891.63      935.22       973.3      1007.2      1040.6      1052.8      1062.8      1075.5      537.73
       811.11      941.53      1008.7      1041.1      1061.4      1071.6        1076      537.98      807.57      942.75      1010.7      1044.8      1044.8]]
---
[     6.2159      -103.2     -242.03      70.298      173.79     -242.19      74.408      86.151     -3.2208    -0.13807       3.124     -5.2281     -152.92      73.442      75.425      13.403      19.422      6.3483     -1.4742     -168.63     -79.409      129.94      131.76      22.999      30.501      11.366
     -6.1571      6.3902     -5.3451     -1.0694     -200.71     -99.541     -49.771     -24.885     -12.443     -6.2213      194.48      203.12    0.026455     -3.4222      1.4209     -203.78     -99.031     -49.515     -24.758     -12.379     -6.1894     -3.0947     -1.5474    -0.77368    -0.38684    -0.19342
      195.16      200.49     -6.6308      2.9428      7.2557      2.1245     -3.9387     -1.2406   -0.027903    -0.48484      4.4278      1.3733     -1.6097      6.5074       15.69       24.78      35.466      26.615      34.664      37.622      33.747      23.385      6.8015      34.976     -261.53     -13.204
      158.39      94.353      59.495      44.285      33.762      24.601     -410.22     -6.4316      275.91      149.81      95.785           0]
###end###
4.494708607143839
end
###start###
20:41:22
[[     458.03      530.17]
 [          0           0]
 [          0           0]
 [          0           0]
 [          0           0]
 [      47.11      600.66]
 [     3.4264      593.57]
 [   -0.73738      589.59]
 [          0           0]
 [     12.265      615.49]
 [   -0.67944      598.44]
 [     2.6287      572.92]
 [     3.5402       583.6]
 [    -1.7743       603.6]
 [    0.27155      606.51]
 [     6.9001      620.08]
 [    -1.6668      603.59]
 [     10.085      617.21]
 [      2.261       625.4]
 [   -0.98601      628.22]
 [      4.652       591.1]
 [    0.91634      620.67]
 [     9.4624      641.52]
 [     14.053      632.31]
 [     16.397      634.22]
 [          0           0]
 [          0           0]
 [     4.1968      644.14]
 [          0           0]
 [          0           0]
 [          0           0]
 [          0           0]
 [          0           0]
 [          0           0]
 [     11.624      841.07]
 [          0           0]
 [          0           0]
 [          0           0]
 [          0           0]
 [          0           0]
 [          0           0]
 [    -19.234      853.48]
 [    -5.6086      840.12]
 [    -21.671      874.17]
 [     2.3976      883.29]
 [   -0.46678      886.87]
 [     2.2963      886.23]
 [     4.9313      888.11]
 [     3.1932      888.82]
 [     3.8433      883.88]
 [     5.4138       879.6]
 [    0.40009      884.83]
 [  0.0088577      882.76]
 [     12.715      865.23]
 [      13.42      866.14]
 [     14.209      867.23]
 [     17.736      869.45]
 [      19.64      868.45]
 [    -13.515      859.06]
 [          0           0]
 [    -8.3573      851.68]
 [    -4.5849       847.3]
 [    -6.7071       850.4]
 [    -7.8253      852.13]
 [    -8.5237      849.94]
 [    -10.923      855.08]
 [          0           0]
 [          0           0]
 [    -12.642      863.64]
 [    -16.874      867.96]
 [    -15.187      867.51]
 [     5.5745      874.18]
 [     6.0309       873.7]
 [     5.1598      874.54]
 [    -10.056      854.28]
 [     -8.108      850.44]
 [    -10.735      854.74]
 [    -15.254      856.25]
 [     3.4372      886.57]
 [    -3.0923      889.59]
 [     1.6151      884.95]
 [     2.2167      885.31]
 [    -10.823      863.78]
 [    -5.4853       886.4]
 [      2.254      861.04]
 [   -0.62674      876.89]
 [     1.9275      882.15]
 [     3.0186       863.6]
 [      12.66      858.66]
 [     7.7762      860.28]
 [     5.9652       869.1]
 [     21.746      896.87]
 [     21.091      926.42]
 [     43.023      978.75]
 [     52.692      991.77]
 [      70.72      977.72]
 [     99.415      1023.4]
 [     111.83      1035.1]
 [     122.13      1021.5]
 [     158.55      1017.3]
 [     168.52      1030.7]
 [     191.29      1020.8]
 [     215.94      1036.8]
 [     224.79      1068.3]
 [     261.33      1076.4]
 [     289.92      1085.1]
 [      303.8      1071.8]
 [     331.55      1074.2]
 [     364.15      1077.2]
 [     399.25      1064.1]
 [     426.67      1074.3]
 [     467.84        1080]
 [     500.51      1081.1]
 [     529.38      1079.8]
 [     565.68      1079.8]
 [     601.28      1079.5]
 [          0           0]
 [          0           0]
 [          0           0]
 [     712.98      1078.8]
 [     735.91      1077.7]
 [     766.23      1076.7]
 [          0           0]
 [          0           0]
 [          0           0]
 [      981.2      1078.8]]
---
[[          0           0           0           0           0       47.11      3.4264    -0.73738           0      12.265    -0.67944      2.6287      3.5402     -1.7743     0.27155      6.9001     -1.6668      10.085       2.261    -0.98601       4.652     0.91634      9.4624      14.053      16.397           0
            0      4.1968           0           0           0           0           0           0      11.624           0           0           0           0           0           0     -19.234     -5.6086     -21.671      2.3976    -0.46678      2.2963      4.9313      3.1932      3.8433      5.4138     0.40009
    0.0088577      12.715       13.42      14.209      17.736       19.64     -13.515           0     -8.3573     -4.5849     -6.7071     -7.8253     -8.5237     -10.923           0           0     -12.642     -16.874     -15.187      5.5745      6.0309      5.1598     -10.056      -8.108     -10.735     -15.254
       3.4372     -3.0923      1.6151      2.2167     -10.823     -5.4853       2.254    -0.62674      1.9275      3.0186       12.66      7.7762      5.9652      21.746      21.091      43.023      52.692       70.72      99.415      111.83      122.13      158.55      168.52      191.29      215.94      224.79
       261.33      282.56      307.06       335.6      367.43      397.05      432.44      466.48      497.93       531.8      566.54      283.27           0           0           0      367.95      567.09      283.55           0           0           0           0]
 [     530.17      265.09      132.54      66.272      333.46      600.66      593.57      589.59      602.54      615.49      598.44      572.92       583.6       603.6      606.51      620.08      603.59      617.21       625.4      628.22       591.1      620.67      641.52      632.31      634.22      317.11
       480.63      644.14      322.07      161.04      80.518      40.259      20.129       430.6      841.07      420.53      210.27      105.13      52.567      26.283      439.88      853.48      840.12      874.17      883.29      886.87      886.23      888.11      888.82      883.88       879.6      884.83
       882.76      865.23      866.14      867.23      869.45      868.45      859.06      855.37      851.68       847.3       850.4      852.13      849.94      855.08      427.54      645.59      863.64      867.96      867.51      874.18       873.7      874.54      854.28      850.44      854.74      856.25
       886.57      889.59      884.95      885.31      863.78       886.4      861.04      876.89      882.15       863.6      858.66      860.28       869.1      896.87      926.42      978.75      991.77      977.72      1023.4      1035.1      1021.5      1017.3      1030.7      1020.8      1036.8      1056.6
       1070.9      1071.3      1072.8        1075      1069.6        1072        1076      1078.6      1079.2      1079.5      1079.5      539.75      269.87      134.94      606.85      842.27       959.5      479.75      239.88      119.94      599.36      599.36]]
---
[    -132.54     -66.272     -33.136       133.6      157.15     -25.385     -4.0736      6.8445      12.608     -14.997     -11.106       5.795      7.3453      2.4769      10.098     -12.529      12.687     0.18244    -0.21555     -15.739      12.919      14.695       -2.31      2.1285     -166.75      81.758
      83.856     -163.13     -80.518     -40.259     -20.129     -10.065      205.23      211.05     -216.08     -105.13     -52.567     -26.283     -13.142       206.8      197.18     0.13055      8.9935      16.596     0.35919      1.0591      2.2561    -0.51143      -2.148     -1.3549      0.1091     -1.2314
     -2.4099     0.80716     0.94073      2.8745     0.44742     -21.271      4.9132      -6.023    -0.30123     0.48468     0.30569     -1.4408      1.3686     -208.31      109.03       102.7    0.043684     0.61688      13.718   -0.013906   -0.011506      -17.74    -0.94391     0.83493      -1.505      24.503
     -1.7525    0.031779     0.48327     -17.288       13.98       -8.81      6.4833      3.9093     -8.7317      2.3525     -1.6331      3.5069      21.772       14.45      37.133      11.344      1.9897      37.207      12.057     -1.6889      16.127      11.713      6.4263      20.328      14.317      25.384
      10.857      12.975      15.374        13.2      16.004      19.716      18.296      16.031       17.11      17.363     -411.51     -276.57     -67.468      235.96      301.69      158.18     -381.65     -261.71     -59.969      239.71           0]
###end###
0.3459462115500358
end
###start###
20:41:52
[[     278.49      611.76]
 [     247.71      580.36]
 [          0           0]
 [          0           0]
 [     16.706      616.56]
 [      -4.01      587.52]
 [          0           0]
 [     2.2077      576.61]
 [     0.4184      608.18]
 [     3.0911      580.85]
 [    -2.0259      614.06]
 [    -1.8945      601.11]
 [     1.8197      620.16]
 [      1.698      637.05]
 [     3.8243      616.14]
 [     3.8213      595.44]
 [    -1.1695      608.33]
 [    -5.1791       635.8]
 [     2.9818      604.72]
 [    0.28203      614.52]
 [    -5.0891       638.2]
 [   -0.24282      589.05]
 [   -0.78893      640.85]
 [    -4.3929      653.98]
 [    -3.7799      650.97]
 [    -7.4795      689.72]
 [    -9.3396      674.59]
 [    -9.5956      712.97]
 [    -6.3065      704.78]
 [    -5.5796      705.39]
 [    -14.054      720.77]
 [          0           0]
 [          0           0]
 [    -15.722      688.46]
 [    -14.271      694.82]
 [    -13.053      697.71]
 [    -11.125      687.83]
 [    -7.9436      683.85]
 [    -8.4716      686.45]
 [      -8.68      682.48]
 [    -8.5941      683.78]
 [     -13.18      684.51]
 [     10.492      906.63]
 [     12.204      906.46]
 [    -14.439      688.26]
 [    -13.709      681.79]
 [    -13.794      674.98]
 [    -13.377      671.65]
 [    -15.085      674.22]
 [     -15.41      678.02]
 [    -16.914      679.87]
 [    -16.002       682.8]
 [    -11.185      674.91]
 [    -10.395      676.02]
 [    -10.915      679.05]
 [    -13.238      687.53]
 [    -13.096      689.34]
 [    -10.981      683.48]
 [    -13.105      680.15]
 [    -14.474      682.72]
 [     -14.75      691.42]
 [    -13.573      678.12]
 [    -9.5472      702.61]
 [    -5.6212      682.14]
 [    -8.3729      693.45]
 [    -5.6788      679.19]
 [    -5.6637      673.85]
 [    -9.4206      705.08]
 [    -1.0527       761.1]
 [   -0.17674      721.21]
 [     4.0448       724.2]
 [          0           0]
 [    -6.3537      720.68]
 [   -0.71675      751.17]
 [     9.1024      874.46]
 [     12.143      851.09]
 [     19.293      888.92]
 [     21.592      925.41]
 [     33.349      959.53]
 [     39.306      950.58]
 [     29.338      985.75]
 [     17.648      963.67]
 [      44.83      981.09]
 [     49.809      981.58]
 [      54.49        1011]
 [     64.315        1042]
 [     87.159      1047.9]
 [     110.44        1052]
 [     128.97      1067.1]
 [     162.35      1065.4]
 [          0           0]
 [          0           0]
 [        257      1078.8]
 [     277.39        1073]
 [     324.36      1072.9]
 [     365.38      1073.6]
 [     385.25      1080.3]
 [     441.69      1080.1]
 [     516.87      1082.2]
 [      574.2      1077.1]
 [     604.47      1079.3]
 [     599.96      1079.4]
 [     713.57      1079.6]
 [     841.22      1077.8]
 [     921.42      1077.9]
 [     1002.4      1078.3]]
---
[[     278.49      247.71           0           0      16.706       -4.01           0      2.2077      0.4184      3.0911     -2.0259     -1.8945      1.8197       1.698      3.8243      3.8213     -1.1695     -5.1791      2.9818     0.28203     -5.0891    -0.24282    -0.78893     -4.3929     -3.7799     -7.4795
      -9.3396     -9.5956     -6.3065     -5.5796     -14.054           0           0     -15.722     -14.271     -13.053     -11.125     -7.9436     -8.4716       -8.68     -8.5941      -13.18      10.492      12.204     -14.439     -13.709     -13.794     -13.377     -15.085      -15.41     -16.914     -16.002
      -11.185     -10.395     -10.915     -13.238     -13.096     -10.981     -13.105     -14.474      -14.75     -13.573     -9.5472     -5.6212     -8.3729     -5.6788     -5.6637     -9.4206     -1.0527    -0.17674      4.0448           0     -6.3537    -0.71675      9.1024      12.143      19.293      21.592
       33.349      39.306      29.338      17.648       44.83      49.809       54.49      64.315      87.159      110.44      128.97      162.35           0           0         257      277.39      321.38      353.32       397.5      457.19      515.69      560.08      580.02       646.8      744.01      832.72
       917.56      917.56]
 [     611.76      580.36      290.18      453.37      616.56      587.52      582.06      576.61      608.18      580.85      614.06      601.11      620.16      637.05      616.14      595.44      608.33       635.8      604.72      614.52       638.2      589.05      640.85      653.98      650.97      689.72
       674.59      712.97      704.78      705.39      720.77      360.38      524.42      688.46      694.82      697.71      687.83      683.85      686.45      682.48      683.78      684.51      906.63      906.46      688.26      681.79      674.98      671.65      674.22      678.02      679.87       682.8
       674.91      676.02      679.05      687.53      689.34      683.48      680.15      682.72      691.42      678.12      702.61      682.14      693.45      679.19      673.85      705.08       761.1      721.21       724.2      722.44      720.68      751.17      874.46      851.09      888.92      925.41
       959.53      950.58      985.75      963.67      981.09      981.58      1011.8      1029.8      1040.9        1054      1059.7      529.83      264.92      671.88      872.46      972.66      1023.1      1051.7      1065.9        1074      1075.6      1077.5      1078.4        1079      1078.4      1078.2
       1078.3      1078.3]]
---
[    -31.091     -268.94      81.594      89.948     -24.878    -0.72181      -1.623      14.889     -12.327      14.046     -6.4089      11.382      8.3828     -9.3911     -10.348       3.948      11.732     -11.463      3.5496      9.1544      -22.15      25.626      4.7674     -1.2033      17.525     -8.4951
      19.064     -2.4501     0.66931      3.4516     -173.17      82.019      74.158       3.905      2.0575     -3.9771    -0.39942      1.0364     -2.0902     0.69013     -1.9245       122.9     0.76728     -122.42     -2.8675     -3.4485     -1.4558     0.43134      1.7365     0.17047       1.925     -1.5369
      0.9502      1.2538      3.0767     0.97904     -1.8755     -2.7272     0.60127      4.2137     -6.0607      14.259     -8.2737      4.2807     -5.7855     -2.6626      13.735      32.196     -19.508      3.6062     -2.9034     -4.0579      18.065      66.558     -10.167      22.492      19.393      22.936
     -1.4963      12.601     -16.882      22.298      2.7357      17.446      13.933      16.958      18.177      12.111     -248.23     -213.63      203.48      228.79      60.291      47.221      30.256      29.194      33.912      30.024      23.136      10.453       33.68      48.315      44.229      42.469
           0]
###end###
5.527879586967464
end
###start###
20:42:19
[[     9.3096      603.48]
 [     8.5432      601.49]
 [     16.862      607.42]
 [          0           0]
 [     2.7164       569.3]
 [     1.1434      582.43]
 [     29.817      593.37]
 [     3.6085      610.11]
 [     5.3208      604.19]
 [     2.0971      620.54]
 [    0.87869       622.3]
 [     1.4484      597.73]
 [          0           0]
 [    -7.4402      675.47]
 [    -18.092      870.77]
 [    -8.8099      860.85]
 [    -1.3354      509.46]
 [    -6.1579       705.6]
 [    -8.8595      543.63]
 [    -4.5898      485.41]
 [    -4.9496      489.04]
 [    -16.997      868.74]
 [    -11.499      849.86]
 [     -22.23      863.59]
 [    -4.9758      838.56]
 [    -2.1681      563.84]
 [    0.57091      893.65]
 [    -1.6735      567.55]
 [      1.016      562.24]
 [   -0.62094       562.2]
 [    -1.8385       567.6]
 [    -3.8202      567.49]
 [     -3.803      567.09]
 [    -3.1973      567.07]
 [    -1.0362      559.41]
 [     -1.431      558.28]
 [    -5.4266      565.52]
 [    -4.8201      562.35]
 [    -4.4298      558.28]
 [    -7.2199       564.1]
 [    -9.2276         568]
 [    -7.1556      566.94]
 [     -6.273      564.81]
 [    -8.4209      568.47]
 [    -12.946      834.42]
 [    -7.2179      563.39]
 [    -13.758      579.54]
 [    -10.964      581.82]
 [     -11.96      570.29]
 [    -2.9621      839.84]
 [    -5.8206      820.57]
 [    -7.9874      802.65]
 [    -8.5347      799.69]
 [    -4.8556      785.63]
 [    -1.0837      786.93]
 [    -4.4761      791.69]
 [    -5.2483      795.89]
 [    -1.9845      793.49]
 [     -4.073      795.72]
 [    -2.9485       801.2]
 [    -4.5905      812.66]
 [     10.202      872.43]
 [     14.911      905.27]
 [     34.854      926.82]
 [     42.289      946.52]
 [     65.537      953.25]
 [     67.161      993.04]
 [     88.373      952.55]
 [     108.76      971.81]
 [     136.54      1026.7]
 [     161.69      1035.9]
 [     195.66      1060.8]
 [     234.15      1060.3]
 [     279.33      1061.1]
 [     291.86      1073.8]
 [     313.99        1070]
 [     348.21      1080.6]
 [     388.34        1075]
 [     437.25      1075.3]
 [     495.67      1078.7]
 [     558.14        1079]
 [     612.19      1078.5]
 [     682.15      1078.2]
 [     765.87      1078.5]
 [     907.24      1078.8]]
---
[[     9.3096      8.5432      16.862           0      2.7164      1.1434      29.817      3.6085      5.3208      2.0971     0.87869      1.4484           0     -7.4402     -18.092     -8.8099     -1.3354     -6.1579     -8.8595     -4.5898     -4.9496     -16.997     -11.499      -22.23     -4.9758     -2.1681
      0.57091     -1.6735       1.016    -0.62094     -1.8385     -3.8202      -3.803     -3.1973     -1.0362      -1.431     -5.4266     -4.8201     -4.4298     -7.2199     -9.2276     -7.1556      -6.273     -8.4209     -12.946     -7.2179     -13.758     -10.964      -11.96     -2.9621     -5.8206     -7.9874
      -8.5347     -4.8556     -1.0837     -4.4761     -5.2483     -1.9845      -4.073     -2.9485     -4.5905      10.202      14.911      34.854      42.289      65.537      67.161      88.373      108.76      136.54      161.69      195.66      234.15         263       288.5      318.35      353.35       395.3
       445.48      501.81         557      619.58      692.73      799.98      799.98]
 [     603.48      601.49      607.42      588.36       569.3      582.43      593.37      610.11      604.19      620.54       622.3      597.73       636.6      675.47      870.77      860.85      783.22       705.6      543.63      516.34      692.54      868.74      849.86      863.59      838.56      563.84
       893.65      567.55      562.24       562.2       567.6      567.49      567.09      567.07      559.41      558.28      565.52      562.35      558.28       564.1         568      566.94      564.81      568.47      834.42      563.39      579.54      581.82      570.29      839.84      820.57      802.65
       799.69      785.63      786.93      791.69      795.89      793.49      795.72       801.2      812.66      872.43      905.27      926.82      946.52      953.25       952.9      952.55      971.81      1003.8      1032.3      1046.3      1053.7      1063.8      1066.9      1073.7      1074.3      1074.8
       1076.7      1077.9      1078.2      1078.2      1078.3      1078.6      1078.6]]
---
[    -1.3766      7.1234      -17.96     -8.1707      5.7787      19.807     -4.7353     -2.1046      6.5659     0.26872     -12.003      18.713      15.717      92.325    -0.32298     -35.074     -41.223     -82.336     -11.512      87.921      82.077     -6.6905      1.4992     -3.8872     -135.96      166.28
     -164.17     -1.3127    -0.83542      2.0884     -1.0427    -0.19503     0.29491     -2.7501    -0.76415      1.6243     -1.2796      -1.842       1.516     0.94307     0.50682    -0.62213     0.75688      130.71     -132.65      4.8055      2.5389     -6.2641      139.28     -11.066     -10.044     -1.7528
     -5.1919      2.5353     0.68372      1.7173     0.43211     0.07033      3.3032      4.9058      37.282      18.776      20.743       13.57      14.987     0.63714      10.431      19.825      29.908      26.808      23.992      22.946      19.441      14.306      18.349       17.81      21.217      26.053
      28.733       27.75      31.284      36.652      53.741           0]
###end###
6.328820829577745
end
###start###
20:42:49
[[     280.96      604.03]
 [     234.44      561.66]
 [     134.63      590.13]
 [     5.4553      606.69]
 [     34.327      598.78]
 [     -2.292      600.11]
 [     6.7258      626.97]
 [     -0.587      597.07]
 [    -2.7637       609.6]
 [     1.3498      566.65]
 [   -0.62032      583.66]
 [    -7.6439       593.1]
 [    -1.5963      611.39]
 [   -0.70339      600.97]
 [    -4.5297      609.77]
 [    -1.7426      599.27]
 [    0.24207      592.68]
 [     4.2676      587.19]
 [      7.615      597.88]
 [     9.9825      634.51]
 [      9.514      643.28]
 [     6.9921      684.54]
 [    -4.6223      712.56]
 [    -5.2435       816.3]
 [          0           0]
 [          0           0]
 [    -4.6598      695.19]
 [          0           0]
 [    -9.8027       734.6]
 [    -12.308      713.24]
 [    -5.2469      721.43]
 [    -4.3174      717.97]
 [          0           0]
 [          0           0]
 [          0           0]
 [          0           0]
 [          0           0]
 [          0           0]
 [          0           0]
 [          0           0]
 [          0           0]
 [          0           0]
 [          0           0]
 [          0           0]
 [          0           0]
 [          0           0]
 [    -18.864      823.31]
 [    -18.479      826.05]
 [    -17.108      827.04]
 [    -16.969      820.84]
 [    -7.9489      845.45]
 [    -11.167       852.2]
 [    -13.167      852.44]
 [     -12.37      850.08]
 [    -12.748      848.96]
 [      -13.2       843.6]
 [    -13.035      841.55]
 [     -10.32       837.6]
 [    -12.163      838.89]
 [    -11.003      841.21]
 [    -11.253      839.46]
 [    -12.861      839.04]
 [    -13.144      838.45]
 [     -15.65      841.57]
 [     -15.97      837.52]
 [    -19.335      834.59]
 [    -18.835      833.25]
 [    -19.184      821.27]
 [    -18.153      820.09]
 [    -11.632      829.62]
 [    -13.411      843.07]
 [    -17.517      848.71]
 [    -8.4991      842.56]
 [    -12.648      820.13]
 [    -10.274       823.6]
 [   -0.42757       812.8]
 [   -0.43375      803.48]
 [    -8.6684      822.39]
 [    -5.2951      825.55]
 [    -1.8262      808.54]
 [    -7.1573      834.69]
 [   -0.74971      892.89]
 [     12.242      920.94]
 [     14.527       941.8]
 [     24.283      945.25]
 [     37.822      971.78]
 [     55.568      1007.8]
 [     71.861      987.84]
 [     84.734      986.89]
 [      105.6      997.08]
 [     104.94      985.64]
 [     130.52      980.71]
 [     142.71      1023.1]
 [     159.85      1043.4]
 [     195.07        1070]
 [     215.15      1063.8]
 [     253.48      1079.5]
 [     283.56      1077.8]
 [      308.3      1084.3]
 [     341.86      1080.4]
 [     360.73      1076.6]
 [     385.74      1075.3]
 [     416.01      1080.4]
 [      452.8      1081.6]
 [      520.9      1077.5]
 [     564.13      1078.1]
 [     590.36      1081.1]
 [          0           0]
 [          0           0]
 [          0           0]
 [          0           0]
 [     800.44      1079.4]
 [     896.04      1079.6]
 [     988.91      1079.8]]
---
[[     234.44      234.44      134.63      5.4553      34.327      -2.292      6.7258      -0.587     -2.7637      1.3498    -0.62032     -7.6439     -1.5963    -0.70339     -4.5297     -1.7426     0.24207      4.2676       7.615      9.9825       9.514      6.9921     -4.6223     -5.2435           0           0
      -4.6598           0     -9.8027     -12.308     -5.2469     -4.3174           0           0           0           0           0           0           0           0           0           0           0           0           0           0     -18.864     -18.479     -17.108     -16.969     -7.9489     -11.167
      -13.167      -12.37     -12.748       -13.2     -13.035      -10.32     -12.163     -11.003     -11.253     -12.861     -13.144      -15.65      -15.97     -19.335     -18.835     -19.184     -18.153     -11.632     -13.411     -17.517     -8.4991     -12.648     -10.274    -0.42757    -0.43375     -8.6684
      -5.2951     -1.8262     -7.1573    -0.74971      12.242      14.527      24.283      37.822      55.568      71.861      84.734       105.6      104.94      130.52      142.71      159.85      195.07      215.15      253.48      280.89      311.37      336.05       360.9      388.45      420.63      470.76
       517.45       553.9      276.95           0           0           0           0      448.02      718.46      718.46]
 [     604.03      561.66      590.13      606.69      598.78      600.11      626.97      597.07       609.6      566.65      583.66       593.1      611.39      600.97      609.77      599.27      592.68      587.19      597.88      634.51      643.28      684.54      712.56       816.3      408.15      551.67
       695.19       714.9       734.6      713.24      721.43      717.97      358.98      179.49      89.746      44.873      22.437      11.218      5.6091      2.8046      1.4023     0.70114     0.35057     0.17529    0.087643       411.7      823.31      826.05      827.04      820.84      845.45       852.2
       852.44      850.08      848.96       843.6      841.55       837.6      838.89      841.21      839.46      839.04      838.45      841.57      837.52      834.59      833.25      821.27      820.09      829.62      843.07      848.71      842.56      820.13       823.6       812.8      803.48      822.39
       825.55      808.54      834.69      892.89      920.94       941.8      945.25      971.78      1007.8      987.84      986.89      997.08      985.64      980.71      1023.1      1046.5      1055.1      1067.3      1072.5      1078.4      1079.4        1078      1076.7      1078.5        1080      1078.8
       1078.4      1079.7      539.87      269.94      134.97      67.484      573.42      826.49      953.13      953.13]]
---
[    -21.185     -35.669     -56.308      10.482     -17.642      17.939     -18.609      5.1783     -19.421      7.5197      1.2099      12.168     -4.7604      2.4849      -3.859     -2.3004    -0.73022      7.0147        19.5      4.1521      19.371      8.1998      51.562     -201.45      71.761      69.431
      12.181      4.9497     -11.934      7.6256     -1.2639     -177.33     -89.746     -44.873     -22.437     -11.218     -5.6091     -2.8046     -1.4023    -0.70114    -0.35057    -0.17529   -0.087643   -0.043821      205.81      196.37      1.5628      1.1815     -3.0334      16.817      1.7635    -0.87719
     -0.7808    -0.75158     -2.9074    -0.94048    -0.61806    -0.27411      1.7371    -0.99719     -1.0137    -0.43669     0.30532      -2.187     -3.1455    -0.41757     -6.1657   -0.075457      8.0251      5.8354     0.76489      1.4354      -13.29       2.922    -0.47573     -4.6635      5.3369      3.2694
     -6.7708      10.406      32.304      20.521      11.574      6.6049      20.033       26.87     -1.8223      5.9651      15.526     -6.0537      10.329      27.284      20.296      21.915      16.118      21.781      16.639      15.734      11.653       11.74      14.721      16.839      24.432      23.166
      18.892     -408.41     -273.44     -67.484     -33.742      252.97      350.54      198.55           0]
###end###
4.165660682810703
end
###start###
20:43:05
[[    0.28409      95.405]
 [    0.37651       96.32]
 [          0           0]
 [          0           0]
 [          0           0]
 [          0           0]
 [          0           0]
 [     18.499      529.62]
 [     12.924      512.74]
 [     2.9676      572.71]
 [     2.9426       565.4]
 [   -0.37903      595.96]
 [  -0.028633      502.17]
 [    0.65568      673.51]
 [     20.877      686.06]
 [          0           0]
 [      1.455      579.17]
 [          0           0]
 [          0           0]
 [          0           0]
 [     5.8146      729.07]
 [      4.765      732.21]
 [      5.396      726.58]
 [     1.7143      733.46]
 [          0           0]
 [     8.5008      715.23]
 [     5.9717      717.39]
 [     5.8062      722.59]
 [     4.5789      720.97]
 [     4.7693      719.08]
 [      6.724      713.81]
 [     18.228      676.53]
 [     21.854      671.91]
 [     25.079       671.7]
 [          0           0]
 [          0           0]
 [          0           0]
 [          0           0]
 [     31.466      703.43]
 [     21.224      718.91]
 [     23.641      716.89]
 [     19.623      728.42]
 [      18.93      731.19]]
---
[[    0.28409     0.37651           0           0           0           0           0      6.4621      12.924      2.9676      2.9426    -0.37903   -0.028633     0.65568     0.32784           0       1.455           0           0           0      5.8146       4.765       5.396      1.7143           0      8.5008
       5.9717      5.8062      4.5789      4.7693       6.724      14.289      19.684      9.8419           0           0           0           0      10.612      17.127      18.375      18.653      18.653]
 [      96.32       48.16       24.08       12.04        6.02        3.01      266.31      529.62      512.74      572.71       565.4      595.96      502.17      673.51      686.06      632.61      579.17      289.58      144.79      436.93      729.07      732.21      726.58      733.46      724.34      715.23
       717.39      722.59      720.97      719.08      713.81      676.53      671.91       671.7      335.85      167.93      83.963       393.7      703.43      718.91      716.89      728.42      731.19]]
---
[    -24.034     -12.228       -6.02       -3.01      -1.505      131.65      134.88     -5.2041      25.005     -3.6681      13.621     -46.721      86.012      6.1099     -26.887     -25.995     -145.52     -72.396      146.07      148.98      1.0485        -2.5      1.5966     -5.4146    -0.30704    -0.18411
      2.5198     -1.4266    -0.84854     -1.6554     -14.857     0.38382     -5.0234     -172.85     -83.963     -41.981      154.87      160.17      10.998     -0.3876      5.9051       1.385]
###end###
3.2661838477849963
end
###start###
20:43:11
[[     15.669      726.83]
 [     9.2214         736]
 [     13.351      731.69]
 [     4.6892      752.71]
 [     9.6525      737.82]
 [     12.407      732.62]
 [      19.06      746.53]
 [     15.213      758.63]
 [     16.021      789.06]
 [     39.584      835.72]
 [     37.763      888.52]
 [     69.149      924.46]
 [     96.102      946.04]
 [     114.85      983.66]
 [     134.81        1002]
 [     186.87        1033]
 [     188.74      1016.7]
 [     227.74      1020.7]
 [     249.38      1048.3]
 [     281.68      1043.8]
 [     303.25      907.92]
 [     335.84      1000.4]
 [     368.13        1075]
 [     422.44      1065.7]
 [     466.93        1077]
 [     501.26      1081.8]
 [     546.93        1086]
 [          0           0]
 [     625.89      1081.4]
 [     685.77      1077.9]
 [     780.72      1078.6]
 [      819.2        1078]
 [     866.59      1077.5]]
---
[[     15.669      9.2214      13.351      4.6892      9.6525      12.407       19.06      15.213      16.021      39.584      37.763      69.149      96.102      114.85      134.81      186.87      188.74      227.74      249.38      281.68      303.25      335.84      368.13      422.44      466.93      501.26
       250.63           0      342.89       561.8       690.5      778.54      778.54]
 [     726.83         736      731.69      752.71      737.82      732.62      746.53      758.63      789.06      835.72      888.52      924.46      946.04      983.66        1002        1033      1016.7      1020.7      1048.3      1043.8      907.92      1000.4        1075      1065.7        1077      1081.8
         1086      1083.7      1081.4      1077.9      1078.6        1078      1077.5]]
---
[     1.3631   -0.087545      6.1767     -4.9653     -1.2219      10.282      4.1264       15.62      35.112      25.486      33.663      24.268      28.185      19.162      41.493     -7.1998      21.532      24.614      13.906     -57.177      62.524      53.454      22.501      27.891      19.578     -123.22
     -126.45      170.31      107.71      64.657      43.723    -0.24152]
###end###
5.5676403951644895
end
###start###
20:43:45
[[     285.66      623.44]
 [          0           0]
 [    -3.8946      620.92]
 [     6.8946      591.53]
 [          0           0]
 [    -2.9614      573.39]
 [    0.85567       612.4]
 [     4.3632      584.28]
 [     1.6291      604.73]
 [    0.98926       617.1]
 [      0.892      642.12]
 [      5.191      632.25]
 [     2.3452      635.74]
 [     3.0116      596.51]
 [     2.9388      607.35]
 [     7.7373      624.02]
 [     2.2562      655.67]
 [          0           0]
 [    -5.1309      640.35]
 [     3.6703      645.72]
 [     -1.191      606.52]
 [    -3.2132      587.54]
 [      0.238      592.24]
 [    -5.3959      657.78]
 [    -6.5284      670.03]
 [          0           0]
 [    -5.5718       667.6]
 [     4.3802      671.39]
 [     2.9744      670.27]
 [      9.733      673.66]
 [     -2.383      669.28]
 [    -5.3973      664.64]
 [          0           0]
 [          0           0]
 [    -6.7715      698.58]
 [     -6.552       703.2]
 [    -9.3475       707.4]
 [    -10.361      706.28]
 [    -13.774      721.34]
 [    -8.1457      710.08]
 [    -9.7643      685.68]
 [    -9.5653       683.1]
 [    -9.7476      675.76]
 [    -8.6719      675.52]
 [    -7.2928      672.51]
 [    -9.8572      672.47]
 [    -9.8378      682.36]
 [          0           0]
 [    -11.636      673.57]
 [    -11.101      674.13]
 [    -10.461      675.56]
 [    -11.772      672.06]
 [    -12.499      674.97]
 [    -13.295      687.36]
 [    -10.766      699.08]
 [    -11.223      695.06]
 [      -11.3      695.09]
 [          0           0]
 [          0           0]
 [          0           0]
 [          0           0]
 [          0           0]
 [          0           0]
 [          0           0]
 [          0           0]
 [    -7.8972      712.93]
 [          0           0]
 [    -13.225      802.81]
 [    -5.9201      708.67]
 [    -6.4057      714.24]
 [    -8.6806      709.23]
 [    -11.983      714.01]
 [    -11.219      698.74]
 [    -11.229      693.95]
 [    -9.2271      696.69]
 [    -8.1391      691.86]
 [    -5.1201      676.94]
 [   -0.38047      679.23]
 [   -0.68977      690.16]
 [   -0.22376      733.45]
 [    -4.8555      726.64]
 [    -6.7129      720.12]
 [   -0.28491      735.67]
 [    -3.1024      722.66]
 [    -4.1008      733.52]
 [     4.3239      786.86]
 [     23.273       864.8]
 [     31.707      882.34]
 [      43.97      876.15]
 [     69.497      921.18]
 [     78.247      910.34]
 [     84.051      938.26]
 [     101.23      916.37]
 [     110.44      925.41]
 [        116      969.08]
 [     152.57      999.37]
 [     185.97      1051.8]
 [     221.22      1049.9]
 [          0           0]
 [      296.4      1081.6]
 [          0           0]
 [      309.1      1073.1]
 [      324.6      1075.9]
 [          0           0]
 [     374.96      1079.8]
 [     416.51      1077.1]
 [     458.51      1082.2]
 [     513.61      1080.3]
 [      554.2      1079.8]
 [     580.95      1079.4]
 [     621.18      1076.2]
 [      680.6      1077.2]
 [     782.39      1078.3]
 [     852.03      1078.1]
 [     920.31      1078.8]]
---
[[          0           0     -3.8946      6.8946           0     -2.9614     0.85567      4.3632      1.6291     0.98926       0.892       5.191      2.3452      3.0116      2.9388      7.7373      2.2562           0     -5.1309      3.6703      -1.191     -3.2132       0.238     -5.3959     -6.5284           0
      -5.5718      4.3802      2.9744       9.733      -2.383     -5.3973           0           0     -6.7715      -6.552     -9.3475     -10.361     -13.774     -8.1457     -9.7643     -9.5653     -9.7476     -8.6719     -7.2928     -9.8572     -9.8378           0     -11.636     -11.101     -10.461     -11.772
      -12.499     -13.295     -10.766     -11.223       -11.3           0           0           0           0           0           0           0           0     -7.8972           0     -13.225     -5.9201     -6.4057     -8.6806     -11.983     -11.219     -11.229     -9.2271     -8.1391     -5.1201    -0.38047
     -0.68977    -0.22376     -4.8555     -6.7129    -0.28491     -3.1024     -4.1008      4.3239      23.273      31.707       43.97      69.497      78.247      84.051      101.23      110.44         116      152.57      185.97      221.22           0           0           0       162.3      81.149           0
       208.25      333.38       423.5      488.85       534.9      578.04      629.32      705.85      778.94      849.62      849.62]
 [     623.44      622.18      620.92      591.53      582.46      573.39       612.4      584.28      604.73       617.1      642.12      632.25      635.74      596.51      607.35      624.02      655.67      648.01      640.35      645.72      606.52      587.54      592.24      657.78      670.03      668.81
        667.6      671.39      670.27      673.66      669.28      664.64      332.32      515.45      698.58       703.2       707.4      706.28      721.34      710.08      685.68       683.1      675.76      675.52      672.51      672.47      682.36      677.97      673.57      674.13      675.56      672.06
       674.97      687.36      699.08      695.06      695.09      347.55      173.77      86.886      43.443      21.722      10.861      5.4304      359.18      712.93      757.87      802.81      708.67      714.24      709.23      714.01      698.74      693.95      696.69      691.86      676.94      679.23
       690.16      733.45      726.64      720.12      735.67      722.66      733.52      786.86       864.8      882.34      876.15      921.18      910.34      938.26      916.37      925.41      962.39      1007.1      1028.5      514.26      797.93      398.97      736.04      905.95      452.98      766.41
       921.76        1002      1041.2      1060.5      1069.9        1073      1075.1      1076.7      1077.4      1078.1      1078.1]]
---
[      -0.63     -2.5773     -9.2979      -7.982     -6.0155      21.414     -12.308      8.8564      5.8693      12.459     -2.7859      0.3212     -19.279       5.384      10.735      13.083      -4.958     -6.3954      7.0838      -22.03     -10.499      4.0742      29.954       5.559      2.6549     -3.3953
      6.8756     -1.2636      5.0714     -8.2455     -3.8279     -163.46      91.565       88.18      2.4212     0.70219     -1.0686      5.8218     -2.8152     -13.008     -1.1923     -3.7587     0.41697    -0.81688     -1.3023      4.9576      2.7209     -8.0159       0.547      1.0347     -2.4057      1.0912
      5.7973      7.1255     -2.2414   -0.020972     -168.12     -86.886     -43.443     -21.722     -10.861     -5.4304     -2.7152      176.87      172.93      26.418      15.857     -43.413      2.5386     -3.6389     0.73777     -7.2554     -2.3973      2.3673     -1.8704     -5.9488       3.515       5.312
      21.877     -5.7218     -4.1879      10.986     -7.9113      4.9291      30.882      48.447      12.987      3.0379      35.277     -1.0452      16.865     -2.3572      9.1273       21.27      40.638      27.407      -239.5      31.226     -199.48      168.54       166.1     -267.06      116.14       181.8
      102.68       64.64      42.331      27.751      23.127      26.681      39.052      36.897      35.685           0]
###end###
6.521347682337799
end
###start###
20:44:10
[[     214.68      593.84]
 [     204.03      588.64]
 [    -6.6587      582.14]
 [     20.572      601.97]
 [    0.68691      595.92]
 [      34.98      591.31]
 [    -4.5009      600.19]
 [   -0.68194      611.37]
 [   -0.97649      610.26]
 [    0.36821      592.23]
 [    -2.0414      591.99]
 [          0           0]
 [          0           0]
 [          0           0]
 [     1.4051      582.72]
 [          0           0]
 [          0           0]
 [          0           0]
 [    0.33914      647.16]
 [          0           0]
 [     2.6278      646.81]
 [    0.28602      656.69]
 [    -4.1114      657.31]
 [     6.5602       644.8]
 [     10.504      635.69]
 [      2.517       659.1]
 [    -1.7054      673.12]
 [   -0.64672      669.39]
 [          0           0]
 [          0           0]
 [          0           0]
 [          0           0]
 [          0           0]
 [          0           0]
 [          0           0]
 [    -3.4617      676.45]
 [          0           0]
 [          0           0]
 [    -6.3984      663.52]
 [          0           0]
 [    -4.2904      659.08]
 [     1.1382      656.47]
 [    0.72234      656.91]
 [    0.21341      655.94]
 [   -0.97623      658.05]
 [      2.732      662.58]
 [       3.74      670.36]
 [     1.8832      659.07]
 [    0.68884       654.8]
 [     2.9513      652.03]
 [     1.4512      650.51]
 [     0.4538      657.23]
 [   -0.67285      650.99]
 [    -1.3295      660.59]
 [    0.83458      649.34]
 [      1.043      651.94]
 [    -1.3538      659.69]
 [     -1.063      660.54]
 [     1.3411      660.18]
 [     1.7045      669.03]
 [     1.8889      666.79]
 [     0.4253      666.95]
 [     3.0346      668.14]
 [     3.1288      671.25]
 [    -3.8504      659.78]
 [          0           0]
 [     2.2508      657.84]
 [     1.0768      698.92]
 [     1.7005      727.99]
 [    -4.8323       711.5]
 [    -1.0584      706.05]
 [     1.4497      718.29]
 [     1.3485      722.39]
 [   -0.63356      720.47]
 [    -1.7087      730.33]
 [    -1.7149       779.2]
 [   0.034195      812.01]
 [     3.7837      877.12]
 [     14.695      891.69]
 [     22.237      924.71]
 [     24.934      936.95]
 [     39.739      938.82]
 [      55.48      914.61]
 [     63.875      907.78]
 [     109.06      970.87]
 [     125.81      1030.1]
 [     165.34      1097.6]
 [     193.16      1075.8]
 [     225.57      1069.8]
 [     267.65        1074]
 [     287.99      1073.4]
 [      336.3      1076.6]
 [     381.28      1074.1]
 [     428.33      1081.8]
 [     510.02      1079.4]
 [     579.04        1078]
 [     642.72      1076.2]
 [      702.3      1076.8]
 [     796.34        1079]
 [     887.13      1079.2]]
---
[[     214.68      204.03     -6.6587      20.572     0.68691       34.98     -4.5009    -0.68194    -0.97649     0.36821     -2.0414           0           0           0      1.4051           0           0           0     0.33914           0      2.6278     0.28602     -4.1114      6.5602      10.504       2.517
      -1.7054    -0.64672           0           0           0           0           0           0           0     -3.4617           0           0     -6.3984           0     -4.2904      1.1382     0.72234     0.21341    -0.97623       2.732        3.74      1.8832     0.68884      2.9513      1.4512      0.4538
     -0.67285     -1.3295     0.83458       1.043     -1.3538      -1.063      1.3411      1.7045      1.8889      0.4253      3.0346      3.1288     -3.8504           0      2.2508      1.0768      1.7005     -4.8323     -1.0584      1.4497      1.3485    -0.63356     -1.7087     -1.7149    0.034195      3.7837
       14.695      22.237      24.934      39.739       55.48      63.875      109.06      125.81      165.34      193.16      225.57      256.78      296.54      338.91      383.62      446.82      512.93      577.83      640.06       718.2      802.67      802.67]
 [     593.84      588.64      582.14      601.97      595.92      591.31      600.19      611.37      610.26      592.23      591.99      295.99         148      365.36      582.72      291.36      145.68      396.42      647.16      646.98      646.81      656.69      657.31       644.8      635.69       659.1
       673.12      669.39      334.69      167.35      83.674      41.837      20.918      10.459      343.46      676.45      338.23      500.87      663.52       661.3      659.08      656.47      656.91      655.94      658.05      662.58      670.36      659.07       654.8      652.03      650.51      657.23
       650.99      660.59      649.34      651.94      659.69      660.54      660.18      669.03      666.79      666.95      668.14      671.25      659.78      658.81      657.84      698.92      727.99       711.5      706.05      718.29      722.39      720.47      730.33       779.2      812.01      877.12
       891.69      924.71      936.95      938.82      914.61      907.78      968.95      1033.3      1054.6      1062.2      1068.1      1070.8      1073.7      1073.9      1077.8      1078.6      1078.3      1077.2        1077        1078      1078.6      1078.6]]
---
[    -7.9254     -108.59       23.53     -12.972      14.844     -15.302      7.4989    -0.70211     -8.3421     -1.3255     -146.98     -73.998      108.68      109.38     -146.38      -72.84      125.37      125.54    -0.25615      1.2273      3.7676     -1.8871    -0.91799     -2.5841      7.7128      4.8982
     -1.3377     -167.02     -83.674     -41.837     -20.918     -10.459     -5.2296       166.5      164.77     -167.38      81.323      78.123      2.0896     -3.2548       1.409    0.014164    -0.74052     0.45849      4.1232      4.3905     -6.5708     -2.7317    -0.25385     -1.5093      2.8579      -3.684
      4.4718     -4.5426      1.4079      2.6761      0.5711      1.0214      4.6061     -1.0312    -0.64817      1.8997      1.6001     -9.2242      1.4412      0.6414      19.949       14.85     -11.515    -0.83468      7.3735       1.999     -1.9498      4.3901      24.434      17.279      34.427      12.742
      20.282      7.4685      8.3377     -4.2363      0.7826      53.178      40.532      30.409      17.726      19.157      16.941       21.35      21.289      24.326      31.991      32.885      31.914      31.007      39.571      42.527           0]
###end###
5.363703862046824
end
###start###
20:44:40
[[     316.22      588.29]
 [     289.98       586.8]
 [      210.6      603.17]
 [          0           0]
 [     318.91       605.1]
 [     2.9723       605.5]
 [     1.2246      597.73]
 [    -1.7908      593.63]
 [    -2.3899      597.26]
 [    -1.2007      601.64]
 [    0.47342      609.34]
 [   -0.25626      627.77]
 [   -0.76274      619.95]
 [     3.5531      599.26]
 [     4.3209      566.82]
 [    0.32068      594.13]
 [     6.7299       627.5]
 [     5.4486      622.19]
 [     1.9186      653.29]
 [     15.661      645.21]
 [     5.6537      560.94]
 [     27.159      641.38]
 [     6.0962       659.1]
 [          0           0]
 [          0           0]
 [          0           0]
 [          0           0]
 [          0           0]
 [     2.6363      505.85]
 [      4.171      506.37]
 [     3.6361      499.67]
 [    -4.7328      528.07]
 [     0.5078      526.74]
 [     1.7352      531.55]
 [          0           0]
 [          0           0]
 [          0           0]
 [          0           0]
 [          0           0]
 [          0           0]
 [          0           0]
 [          0           0]
 [     4.6031      514.97]
 [     6.0855      514.38]
 [     4.7019      517.63]
 [     4.5192      515.22]
 [     5.2652      515.59]
 [     4.4279       520.9]
 [     4.4535      516.12]
 [     4.2874      516.93]
 [     3.5381      517.92]
 [     4.3558      517.03]
 [     1.6719      518.66]
 [     2.5126       518.6]
 [     1.2004      521.02]
 [      2.514      521.13]
 [     3.4771      522.34]
 [     3.9459      520.25]
 [     1.9621      522.04]
 [     1.9437       522.4]
 [     2.0174      521.02]
 [     1.3381      519.98]
 [     1.2492      519.77]
 [     2.0142      519.11]
 [     2.4331      518.07]
 [     3.7854      518.39]
 [     3.7016      521.31]
 [     2.9439      521.65]
 [     3.0848      522.59]
 [     3.1019      523.49]
 [      3.514      522.85]
 [    0.39958         520]
 [    -2.9595      707.74]
 [          0           0]
 [     3.3649      789.89]
 [    -1.3623      791.71]
 [    -9.6746      774.87]
 [    -5.3905      750.48]
 [    0.10776      751.62]
 [   -0.32542      750.47]
 [    -1.1656      749.97]
 [    0.77152      737.13]
 [    -2.0328      735.33]
 [   -0.64821      748.26]
 [    -1.0493      744.86]
 [    -9.8179      808.72]
 [     1.9082      886.83]
 [     9.9214      892.61]
 [     13.758      949.34]
 [     25.558      942.33]
 [     38.608      938.15]
 [     59.963      942.22]
 [     75.257      943.67]
 [     90.396      938.81]
 [     97.208      939.66]
 [     122.21      944.11]
 [      137.2      959.37]
 [     146.06      1033.8]
 [     177.87      1068.2]
 [     215.97      1064.5]
 [     251.84      1065.7]
 [     285.32      1075.8]
 [     302.97      1079.3]
 [     344.26      1077.7]
 [     368.19      1077.6]
 [     407.22      1081.1]
 [     435.38        1080]
 [     508.35      1075.4]
 [     554.38      1078.3]
 [     593.46      1078.7]
 [     628.77      1077.1]
 [      653.4      1077.5]
 [     721.45      1081.8]
 [     743.12      1075.2]
 [     810.05      1079.9]
 [          0           0]
 [     995.23      1079.6]]
---
[[     289.98      289.98       210.6           0      1.4861      2.9723      1.2246     -1.7908     -2.3899     -1.2007     0.47342    -0.25626    -0.76274      3.5531      4.3209     0.32068      6.7299      5.4486      1.9186      15.661      5.6537      27.159      6.0962           0           0           0
            0           0      2.6363       4.171      3.6361     -4.7328      0.5078      1.7352           0           0           0           0           0           0           0           0      4.6031      6.0855      4.7019      4.5192      5.2652      4.4279      4.4535      4.2874      3.5381      4.3558
       1.6719      2.5126      1.2004       2.514      3.4771      3.9459      1.9621      1.9437      2.0174      1.3381      1.2492      2.0142      2.4331      3.7854      3.7016      2.9439      3.0848      3.1019       3.514     0.39958     -2.9595           0      3.3649     -1.3623     -9.6746     -5.3905
      0.10776    -0.32542     -1.1656     0.77152     -2.0328    -0.64821     -1.0493     -9.8179      1.9082      9.9214      13.758      25.558      38.608      59.963      75.257      90.396      97.208      122.21       137.2      146.06      177.87      215.97      251.84      285.32      314.79      341.49
       374.35      404.87      456.61       505.5      549.48      589.12      621.26      671.35      707.24      758.64      379.32           0           0]
 [     588.29       586.8      603.17      604.14       605.1       605.5      597.73      593.63      597.26      601.64      609.34      627.77      619.95      599.26      566.82      594.13       627.5      622.19      653.29      645.21      560.94      641.38       659.1      329.55      164.78      82.388
       41.194      273.52      505.85      506.37      499.67      528.07      526.74      531.55      265.77      132.89      66.444      33.222      16.611      8.3055      4.1527      259.56      514.97      514.38      517.63      515.22      515.59       520.9      516.12      516.93      517.92      517.03
       518.66       518.6      521.02      521.13      522.34      520.25      522.04       522.4      521.02      519.98      519.77      519.11      518.07      518.39      521.31      521.65      522.59      523.49      522.85         520      707.74      748.82      789.89      791.71      774.87      750.48
       751.62      750.47      749.97      737.13      735.33      748.26      744.86      808.72      886.83      892.61      917.47      927.81      938.15      940.91      939.86      939.76      941.93      950.65      992.24      1030.2      1047.4      1056.5      1066.2      1072.7      1075.2      1076.4
       1078.8      1079.4      1077.4      1077.9      1078.3      1077.7      1077.6      1079.7      1077.5      1078.7      539.33      809.48      809.48]]
---
[     -0.745     -31.502     -104.82      1.2245     0.94051     -4.7573     -3.5547      1.5141      2.7833      4.6874      8.8486     -4.1635     -8.1838     -15.837      11.654      19.887     -3.2957      13.788      2.8309     -47.138      50.972      -1.671     -167.82     -82.388     -41.194     -20.597
      116.16      117.48      1.0298     -3.6191      10.016      1.9555      3.0171     -133.75     -66.444     -33.222     -16.611     -8.3055     -4.1527     -2.0764       127.7      130.01      0.4464     0.93485     -1.2961     0.55506      2.2368     -2.3738     0.31806     0.12117   -0.034631    -0.52587
     0.38788     0.55322     0.71438      1.0849    -0.80972   -0.099699      0.1732    -0.65174    -0.86089    -0.15121    0.055448    -0.31272     0.83931      1.4143      -0.206     0.54053     0.45671    -0.11473     -2.9798      92.189      22.018      22.221     -1.4547     -12.579     -10.049      3.3179
    -0.79029    -0.67391     -5.4474     -2.3052      7.1594     -1.8996      27.543      44.916      6.8975      14.349      11.069      11.694       12.06      7.1231      7.5183      4.4925      16.863      28.289      23.416      24.481      23.633      22.763       20.02      15.971      13.952      17.611
      15.567      24.881      24.668      22.201      19.536      16.009      26.092      16.823      26.306     -459.33     -54.587           0]
###end###
-0.3439357858682235
end
###start###
20:45:13
[[     449.09      588.49]
 [          0           0]
 [          0           0]
 [          0           0]
 [          0           0]
 [          0           0]
 [     25.842       581.5]
 [     2.2566      572.71]
 [    0.83901       576.3]
 [     4.7583      567.97]
 [     3.1029      577.18]
 [     6.7046      561.65]
 [     7.5556      558.28]
 [     3.2437      574.01]
 [   -0.43869      582.05]
 [    0.41634      565.36]
 [     4.3314      576.75]
 [    -2.5124      585.28]
 [    -5.2656      598.62]
 [     1.2514      607.73]
 [    -4.4114       600.9]
 [     2.4971      622.55]
 [    -2.5739      621.57]
 [    -2.6489      598.95]
 [     4.9638      649.14]
 [          0           0]
 [     7.1183      647.44]
 [     7.7481      666.28]
 [          0           0]
 [     19.628      658.52]
 [     6.7787      660.65]
 [     20.942      661.82]
 [     8.0241      669.33]
 [     1.7265      683.73]
 [     4.1696      671.15]
 [     10.547      665.18]
 [     1.8748      472.38]
 [     1.8309      569.25]
 [    -5.3439      689.02]
 [          0           0]
 [          0           0]
 [     1.1146      708.36]
 [          0           0]
 [     1.3501      714.18]
 [     1.5865      478.45]
 [    0.98931      476.61]
 [    0.79887      486.32]
 [     6.3466      489.28]
 [     5.6349      494.25]
 [     3.2904         740]
 [     5.7533         724]
 [          0           0]
 [     5.1977      500.27]
 [     3.9834      496.36]
 [     3.3701      498.28]
 [     3.0386      499.35]
 [     3.3248      498.68]
 [     3.6069      498.54]
 [          0           0]
 [          0           0]
 [          0           0]
 [          0           0]
 [          0           0]
 [          0           0]
 [          0           0]
 [          0           0]
 [          0           0]
 [          0           0]
 [     2.6512      494.05]
 [     2.6161      492.87]
 [     2.4069      493.66]
 [          0           0]
 [          0           0]
 [     1.8006      489.71]
 [     0.4915      494.44]
 [          0           0]
 [          0           0]
 [          0           0]
 [          0           0]
 [          0           0]
 [     1.3243      511.23]
 [     1.8751      512.69]
 [     1.3911      782.19]
 [          0           0]
 [    -0.7217      731.55]
 [     2.3734      744.93]
 [     3.4703      759.15]
 [    -1.2715      764.18]
 [     1.5239       822.4]
 [     2.7695       806.9]
 [     5.4819      886.34]
 [     4.7972      914.17]
 [     7.4309      909.51]
 [     4.3357       930.4]
 [     9.8044      944.15]
 [     24.904      945.84]
 [     43.567      938.65]
 [     60.335      935.19]
 [      74.82      923.14]
 [     90.459      923.74]
 [     113.46      933.98]
 [     124.48      963.22]
 [     145.19      1037.9]
 [     162.57      1054.7]
 [     201.55      1048.6]
 [     243.93      1078.4]
 [     268.01      1071.9]
 [     296.94        1082]
 [     328.47      1077.3]
 [     329.88      1082.8]
 [     356.54      1073.7]
 [     370.79      1082.4]
 [     407.78      1079.2]
 [     429.69      1080.8]
 [     477.96      1079.2]
 [     525.46      1079.4]
 [     563.19      1080.8]
 [     582.17      1080.5]
 [        597      1077.7]
 [     607.56      1081.3]
 [     643.54      1077.2]
 [     745.65      1079.1]]
---
[[          0           0           0           0           0           0      25.842      2.2566     0.83901      4.7583      3.1029      6.7046      7.5556      3.2437    -0.43869     0.41634      4.3314     -2.5124     -5.2656      1.2514     -4.4114      2.4971     -2.5739     -2.6489      4.9638           0
       7.1183      7.7481           0      19.628      6.7787      20.942      8.0241      1.7265      4.1696      10.547      1.8748      1.8309     -5.3439           0           0      1.1146           0      1.3501      1.5865     0.98931     0.79887      6.3466      5.6349      3.2904      5.7533           0
       5.1977      3.9834      3.3701      3.0386      3.3248      3.6069           0           0           0           0           0           0           0           0           0           0      2.6512      2.6161      2.4069           0           0      1.8006      0.4915           0           0           0
            0           0      1.3243      1.8751      1.3911           0     -0.7217      2.3734      3.4703     -1.2715      1.5239      2.7695      5.4819      4.7972      7.4309      4.3357      9.8044      24.904      43.567      60.335       74.82      90.459      113.46      124.48      145.19      162.57
       201.55      243.93      270.43      299.45      314.67       335.6       353.2      380.49      405.09      441.52      483.49      523.34      552.76      574.88      591.22      617.38      681.51      681.51]
 [     588.49      294.25      147.12      73.561      36.781      309.14       581.5      572.71       576.3      567.97      577.18      561.65      558.28      574.01      582.05      565.36      576.75      585.28      598.62      607.73       600.9      622.55      621.57      598.95      649.14      648.29
       647.44      666.28       662.4      658.52      660.65      661.82      669.33      683.73      671.15      665.18      472.38      569.25      689.02      344.51      526.43      708.36      711.27      714.18      478.45      476.61      486.32      489.28      494.25         740         724      612.14
       500.27      496.36      498.28      499.35      498.68      498.54      249.27      124.63      62.317      31.159      15.579      7.7897      3.8948      1.9474     0.97371      247.51      494.05      492.87      493.66      246.83      368.27      489.71      494.44      247.22      123.61      61.805
       30.903      271.07      511.23      512.69      782.19      756.87      731.55      744.93      759.15      764.18       822.4       806.9      886.34      914.17      909.51       930.4      938.12      938.38      936.79      935.19      923.14      923.74      933.98      985.95      1020.3      1034.5
       1056.4      1064.2      1073.1      1075.2        1079      1076.3      1079.4      1079.3        1080      1079.6      1079.5      1080.2      1080.4        1079      1080.2      1078.7      1078.9      1078.9]]
---
[    -147.12     -73.561     -36.781      -18.39      136.18       149.1      -16.19      1.0882     -2.2039      3.7758     -5.9629     -1.2593      5.7069      2.1796     -7.9172       7.654     0.83906      5.2962      7.8142      -6.248      14.278     -3.0219     -11.347      28.897     -2.9059      3.1352
      9.7335     -5.8142      7.8739     -5.3578      7.6663     -2.7058      4.0533     -5.0662     0.20356     -100.74      48.416      56.294     -169.58      90.962      91.519     0.89953      2.1319     -117.75     -1.2163      4.7574      4.2567      2.1267       121.7     -6.7659      -58.81     -53.334
     -2.5609     0.65138     0.37017    -0.19415    0.071774     -126.44     -62.317     -31.159     -15.579     -7.7897     -3.8948     -1.9474    -0.97371    -0.48685      123.27      124.59    -0.60704     0.29044     -124.62       60.72       61.62      1.7129     -123.86     -61.805     -30.903     -15.451
      120.08      120.74      1.0026      134.51     -13.354      -13.02      8.2337      7.6621     0.14156       30.51     -7.1308      41.078      13.573     -1.0148      8.8982      6.5948      7.6824      8.5331      7.5857       1.216      8.1213       16.62      31.493      27.543      15.762      30.475
      25.051      17.722      15.549      9.5065      9.1467      10.305      13.598      12.677      18.022      20.939      20.246      14.801      10.407      8.7335      12.329      32.184           0]
###end###
5.859644687894323
end
