3 8 1 172 2 1127 361 -1 -1 -1 -1 
3 62 2 291 0 1008 347 -1 -1 -1 -1 
4 8 1 201 1 1098 353 -1 -1 -1 -1 
4 62 2 302 0 997 346 -1 -1 -1 -1 
5 8 1 201 0 1098 350 -1 -1 -1 -1 
6 8 1 204 0 1095 347 -1 -1 -1 -1 
6 62 2 293 0 1006 344 -1 -1 -1 -1 
7 8 1 233 1 1066 342 -1 -1 -1 -1 
7 62 2 298 0 1001 343 -1 -1 -1 -1 
8 62 2 297 0 1002 344 -1 -1 -1 -1 
9 62 2 298 0 1000 343 -1 -1 -1 -1 
9 0 6 11 0 266 562 -1 -1 -1 -1 
10 62 2 308 0 991 345 -1 -1 -1 -1 
10 0 6 24 1 273 566 -1 -1 -1 -1 
11 62 2 315 0 984 346 -1 -1 -1 -1 
11 0 6 58 5 247 533 -1 -1 -1 -1 
12 62 2 324 0 975 346 -1 -1 -1 -1 
12 0 6 91 3 236 552 -1 -1 -1 -1 
12 58 10 0 737 94 191 -1 -1 -1 -1 
13 62 2 333 0 966 346 -1 -1 -1 -1 
13 0 6 126 2 246 554 -1 -1 -1 -1 
13 58 10 0 738 98 192 -1 -1 -1 -1 
13 36 12 230 336 278 250 -1 -1 -1 -1 
14 62 2 336 0 963 346 -1 -1 -1 -1 
14 0 6 149 3 282 564 -1 -1 -1 -1 
14 58 10 0 738 100 191 -1 -1 -1 -1 
14 36 12 236 315 291 276 -1 -1 -1 -1 
15 0 6 198 1 250 538 -1 -1 -1 -1 
15 58 10 3 737 92 208 -1 -1 -1 -1 
16 62 2 438 2 860 347 -1 -1 -1 -1 
16 0 6 222 1 277 548 -1 -1 -1 -1 
17 62 2 456 3 843 346 -1 -1 -1 -1 
17 0 6 234 2 294 542 -1 -1 -1 -1 
18 62 2 469 3 830 346 -1 -1 -1 -1 
18 0 6 259 0 321 572 -1 -1 -1 -1 
19 28 6 277 0 334 589 -1 -1 -1 -1 
20 28 6 303 5 374 600 -1 -1 -1 -1 
21 0 6 340 7 311 581 -1 -1 -1 -1 
21 24 19 331 13 300 492 -1 -1 -1 -1 
22 0 6 361 5 359 628 -1 -1 -1 -1 
22 24 19 360 58 299 417 -1 -1 -1 -1 
23 0 6 401 2 327 635 -1 -1 -1 -1 
23 58 10 2 731 94 253 -1 -1 -1 -1 
23 28 19 415 5 300 628 -1 -1 -1 -1 
24 0 6 421 10 340 611 -1 -1 -1 -1 
24 58 10 0 725 104 214 -1 -1 -1 -1 
24 28 19 423 4 347 662 -1 -1 -1 -1 
24 61 20 1 830 66 246 -1 -1 -1 -1 
25 0 6 446 0 346 674 -1 -1 -1 -1 
25 58 10 0 723 105 214 -1 -1 -1 -1 
26 0 6 462 0 353 685 -1 -1 -1 -1 
26 58 10 0 729 102 201 -1 -1 -1 -1 
27 0 6 502 0 327 712 -1 -1 -1 -1 
27 58 10 1 730 100 197 -1 -1 -1 -1 
28 0 6 522 3 329 704 -1 -1 -1 -1 
28 58 10 0 729 102 196 -1 -1 -1 -1 
29 0 6 542 0 317 725 -1 -1 -1 -1 
29 58 10 0 726 105 187 -1 -1 -1 -1 
29 7 21 174 0 419 373 -1 -1 -1 -1 
30 0 6 552 2 317 728 -1 -1 -1 -1 
30 58 10 0 725 106 185 -1 -1 -1 -1 
30 7 21 122 0 536 373 -1 -1 -1 -1 
30 28 23 740 426 356 267 -1 -1 -1 -1 
31 0 6 561 4 314 736 -1 -1 -1 -1 
31 7 21 102 0 591 373 -1 -1 -1 -1 
31 73 23 735 428 363 256 -1 -1 -1 -1 
32 28 6 568 4 318 737 -1 -1 -1 -1 
32 7 21 105 0 596 373 -1 -1 -1 -1 
32 73 23 733 432 364 251 -1 -1 -1 -1 
32 12 24 551 42 348 700 -1 -1 -1 -1 
33 28 6 587 4 321 750 -1 -1 -1 -1 
33 28 23 745 431 347 258 -1 -1 -1 -1 
33 28 24 558 39 328 714 -1 -1 -1 -1 
33 0 26 560 5 317 523 -1 -1 -1 -1 
34 0 6 573 3 318 747 -1 -1 -1 -1 
34 73 23 729 434 370 249 -1 -1 -1 -1 
34 12 24 556 42 347 712 -1 -1 -1 -1 
34 28 26 552 0 342 705 -1 -1 -1 -1 
35 0 6 571 3 318 749 -1 -1 -1 -1 
35 73 23 732 435 364 246 -1 -1 -1 -1 
35 12 24 559 35 349 727 -1 -1 -1 -1 
36 0 6 568 2 322 753 -1 -1 -1 -1 
36 73 23 732 435 364 246 -1 -1 -1 -1 
36 12 24 559 21 346 758 -1 -1 -1 -1 
37 0 6 568 2 319 752 -1 -1 -1 -1 
37 73 23 734 435 360 243 -1 -1 -1 -1 
37 12 24 564 16 323 752 -1 -1 -1 -1 
38 0 6 565 4 321 748 -1 -1 -1 -1 
38 12 24 556 8 342 776 -1 -1 -1 -1 
39 0 6 562 6 323 757 -1 -1 -1 -1 
39 73 23 731 436 365 244 -1 -1 -1 -1 
39 12 24 554 0 345 801 -1 -1 -1 -1 
39 12 28 637 0 135 150 -1 -1 -1 -1 
40 0 6 561 6 322 743 -1 -1 -1 -1 
40 73 23 730 435 366 245 -1 -1 -1 -1 
40 12 24 552 1 348 799 -1 -1 -1 -1 
40 12 28 636 0 137 151 -1 -1 -1 -1 
41 0 6 554 5 320 759 -1 -1 -1 -1 
41 73 23 730 435 365 247 -1 -1 -1 -1 
41 12 24 548 0 351 800 -1 -1 -1 -1 
42 0 6 550 13 323 723 -1 -1 -1 -1 
42 73 23 730 435 367 247 -1 -1 -1 -1 
42 12 24 544 16 342 768 -1 -1 -1 -1 
42 28 26 532 10 356 768 -1 -1 -1 -1 
43 0 6 550 13 319 706 -1 -1 -1 -1 
43 73 23 730 436 366 246 -1 -1 -1 -1 
43 12 24 538 19 348 764 -1 -1 -1 -1 
44 0 6 552 8 314 709 -1 -1 -1 -1 
44 73 23 730 436 366 246 -1 -1 -1 -1 
44 12 24 534 24 352 755 -1 -1 -1 -1 
45 0 6 554 10 310 713 -1 -1 -1 -1 
45 73 23 730 437 366 245 -1 -1 -1 -1 
46 0 6 557 11 310 713 -1 -1 -1 -1 
46 12 24 544 29 332 755 -1 -1 -1 -1 
47 28 6 551 24 314 677 -1 -1 -1 -1 
47 12 24 545 36 332 753 -1 -1 -1 -1 
47 0 26 551 19 309 514 -1 -1 -1 -1 
48 28 6 553 27 315 673 -1 -1 -1 -1 
48 12 24 546 43 330 746 -1 -1 -1 -1 
49 12 24 546 42 328 752 -1 -1 -1 -1 
49 0 26 549 12 309 515 -1 -1 -1 -1 
50 37 6 549 19 310 735 -1 -1 -1 -1 
50 12 24 545 45 330 748 -1 -1 -1 -1 
50 0 26 547 11 311 513 -1 -1 -1 -1 
51 37 6 550 20 311 738 -1 -1 -1 -1 
51 12 24 543 44 332 749 -1 -1 -1 -1 
52 12 24 541 47 333 741 -1 -1 -1 -1 
52 0 26 548 10 308 514 -1 -1 -1 -1 
53 12 24 541 50 333 733 -1 -1 -1 -1 
53 0 26 549 10 307 515 -1 -1 -1 -1 
54 0 6 545 16 317 721 -1 -1 -1 -1 
54 12 24 541 38 336 758 -1 -1 -1 -1 
55 12 6 546 18 316 744 -1 -1 -1 -1 
55 6 24 546 31 336 774 -1 -1 -1 -1 
55 0 26 548 15 309 503 -1 -1 -1 -1 
56 12 6 544 34 317 724 -1 -1 -1 -1 
56 6 24 546 31 337 776 -1 -1 -1 -1 
57 12 6 543 24 317 749 -1 -1 -1 -1 
57 0 26 543 14 305 508 -1 -1 -1 -1 
58 0 6 543 9 318 772 -1 -1 -1 -1 
58 37 24 543 54 315 742 -1 -1 -1 -1 
58 12 28 615 0 128 179 -1 -1 -1 -1 
59 0 6 542 1 320 780 -1 -1 -1 -1 
59 37 24 543 55 313 742 -1 -1 -1 -1 
60 0 6 541 0 322 778 -1 -1 -1 -1 
61 0 6 544 0 319 786 -1 -1 -1 -1 
61 73 23 798 427 364 259 -1 -1 -1 -1 
62 0 6 542 0 327 787 -1 -1 -1 -1 
62 73 23 818 427 359 261 -1 -1 -1 -1 
63 0 6 545 0 325 784 -1 -1 -1 -1 
63 73 23 831 430 364 260 -1 -1 -1 -1 
64 0 6 546 0 332 781 -1 -1 -1 -1 
65 0 6 551 0 331 774 -1 -1 -1 -1 
65 73 23 889 421 348 267 -1 -1 -1 -1 
66 0 6 558 2 329 762 -1 -1 -1 -1 
67 0 6 562 1 328 766 -1 -1 -1 -1 
67 73 23 928 429 353 279 -1 -1 -1 -1 
68 0 6 565 4 330 759 -1 -1 -1 -1 
68 73 23 941 430 352 280 -1 -1 -1 -1 
69 0 6 572 13 327 751 -1 -1 -1 -1 
70 0 6 579 16 322 774 -1 -1 -1 -1 
70 73 23 1022 433 275 263 -1 -1 -1 -1 
70 9 33 421 64 90 200 -1 -1 -1 -1 
71 0 6 579 31 330 813 -1 -1 -1 -1 
71 73 23 1040 434 259 263 -1 -1 -1 -1 
