12 0 1 93 0 234 542 -1 -1 -1 -1 
13 0 1 128 0 245 551 -1 -1 -1 -1 
14 0 1 154 0 280 559 -1 -1 -1 -1 
15 0 1 199 0 249 536 -1 -1 -1 -1 
16 0 1 225 0 276 544 -1 -1 -1 -1 
17 0 1 236 1 292 539 -1 -1 -1 -1 
18 0 1 260 0 320 570 -1 -1 -1 -1 
21 0 1 329 3 308 577 -1 -1 -1 -1 
22 0 1 361 3 358 627 -1 -1 -1 -1 
23 0 1 402 1 327 635 -1 -1 -1 -1 
26 0 1 455 0 349 674 -1 -1 -1 -1 
27 0 1 503 0 326 709 -1 -1 -1 -1 
28 0 1 524 2 328 704 -1 -1 -1 -1 
57 12 1 546 12 317 747 -1 -1 -1 -1 
59 0 1 544 1 320 780 -1 -1 -1 -1 
60 0 1 543 1 322 779 -1 -1 -1 -1 
61 0 1 546 0 319 787 -1 -1 -1 -1 
62 0 1 544 0 327 788 -1 -1 -1 -1 
63 0 1 547 1 324 785 -1 -1 -1 -1 
64 0 1 547 0 332 782 -1 -1 -1 -1 
65 0 1 552 0 331 775 -1 -1 -1 -1 
66 0 1 559 2 329 763 -1 -1 -1 -1 
67 0 1 563 2 328 766 -1 -1 -1 -1 
68 0 1 566 4 330 759 -1 -1 -1 -1 
69 0 1 573 13 327 751 -1 -1 -1 -1 
70 0 1 579 16 323 774 -1 -1 -1 -1 
71 0 1 579 31 331 813 -1 -1 -1 -1 
72 0 1 582 45 325 837 -1 -1 -1 -1 
73 0 1 583 73 331 859 -1 -1 -1 -1 
74 0 1 577 100 335 882 -1 -1 -1 -1 
75 0 1 573 133 345 867 -1 -1 -1 -1 
76 0 1 565 152 353 895 -1 -1 -1 -1 
77 0 1 550 205 373 864 -1 -1 -1 -1 
78 0 1 532 226 392 845 -1 -1 -1 -1 
79 0 1 511 270 404 792 -1 -1 -1 -1 
80 0 1 498 294 413 775 -1 -1 -1 -1 
81 0 1 471 315 432 751 -1 -1 -1 -1 
82 0 1 452 336 440 695 -1 -1 -1 -1 
83 0 1 420 386 449 658 -1 -1 -1 -1 
84 0 1 376 430 481 635 -1 -1 -1 -1 
85 0 1 323 485 504 589 -1 -1 -1 -1 
86 0 1 274 530 506 546 -1 -1 -1 -1 
87 0 1 217 575 544 503 -1 -1 -1 -1 
88 0 1 134 608 541 470 -1 -1 -1 -1 
89 0 1 58 651 565 423 -1 -1 -1 -1 
90 0 1 11 697 544 378 -1 -1 -1 -1 
91 0 1 2 745 414 334 -1 -1 -1 -1 
92 0 1 0 790 345 289 -1 -1 -1 -1 
