12 0 1 93 0 234 542 -1 -1 -1 -1 
13 0 1 128 0 245 551 -1 -1 -1 -1 
14 0 1 154 0 280 559 -1 -1 -1 -1 
15 0 1 199 0 249 536 -1 -1 -1 -1 
16 0 1 225 0 276 544 -1 -1 -1 -1 
17 0 1 236 1 292 539 -1 -1 -1 -1 
18 0 1 260 0 320 570 -1 -1 -1 -1 
21 0 1 329 3 308 577 -1 -1 -1 -1 
22 0 1 361 3 358 627 -1 -1 -1 -1 
23 0 1 402 1 327 635 -1 -1 -1 -1 
26 0 1 455 0 349 674 -1 -1 -1 -1 
27 0 1 503 0 326 709 -1 -1 -1 -1 
28 0 1 524 2 328 704 -1 -1 -1 -1 
57 12 1 546 12 317 747 -1 -1 -1 -1 
59 0 1 544 1 320 780 -1 -1 -1 -1 
60 0 1 543 1 322 779 -1 -1 -1 -1 
61 0 1 546 0 319 787 -1 -1 -1 -1 
62 0 1 544 0 327 788 -1 -1 -1 -1 
63 0 1 547 1 324 785 -1 -1 -1 -1 
64 0 1 547 0 332 782 -1 -1 -1 -1 
65 0 1 552 0 331 775 -1 -1 -1 -1 
66 0 1 559 2 329 763 -1 -1 -1 -1 
67 0 1 563 2 328 766 -1 -1 -1 -1 
68 0 1 566 4 330 759 -1 -1 -1 -1 
69 0 1 573 13 327 751 -1 -1 -1 -1 
70 0 1 579 16 323 774 -1 -1 -1 -1 
71 0 1 579 31 331 813 -1 -1 -1 -1 
72 0 1 582 45 325 837 -1 -1 -1 -1 
73 0 1 583 73 331 859 -1 -1 -1 -1 
74 0 1 577 100 335 882 -1 -1 -1 -1 
75 0 1 573 133 345 867 -1 -1 -1 -1 
76 0 1 565 152 353 895 -1 -1 -1 -1 
77 0 1 550 205 373 864 -1 -1 -1 -1 
78 0 1 532 226 392 845 -1 -1 -1 -1 
79 0 1 511 270 404 792 -1 -1 -1 -1 
80 0 1 498 294 413 775 -1 -1 -1 -1 
81 0 1 471 315 432 751 -1 -1 -1 -1 
82 0 1 452 336 440 695 -1 -1 -1 -1 
83 0 1 420 386 449 658 -1 -1 -1 -1 
84 0 1 376 430 481 635 -1 -1 -1 -1 
85 0 1 323 485 504 589 -1 -1 -1 -1 
86 0 1 274 530 506 546 -1 -1 -1 -1 
87 0 1 217 575 544 503 -1 -1 -1 -1 
88 0 1 134 608 541 470 -1 -1 -1 -1 
89 0 1 58 651 565 423 -1 -1 -1 -1 
90 0 1 11 697 544 378 -1 -1 -1 -1 
91 0 1 2 745 414 334 -1 -1 -1 -1 
92 0 1 0 790 345 289 -1 -1 -1 -1 
283 0 4 69 0 297 540 -1 -1 -1 -1 
284 0 4 86 0 357 581 -1 -1 -1 -1 
285 0 4 114 0 316 575 -1 -1 -1 -1 
286 0 4 138 3 287 588 -1 -1 -1 -1 
287 0 4 154 3 298 586 -1 -1 -1 -1 
288 0 4 167 5 322 574 -1 -1 -1 -1 
289 0 4 193 0 395 585 -1 -1 -1 -1 
290 0 4 223 18 394 570 -1 -1 -1 -1 
291 0 4 240 1 393 591 -1 -1 -1 -1 
294 0 4 307 2 324 598 -1 -1 -1 -1 
295 0 4 323 2 316 588 -1 -1 -1 -1 
296 0 4 344 1 323 589 -1 -1 -1 -1 
297 0 4 367 3 325 582 -1 -1 -1 -1 
298 0 4 381 0 324 605 -1 -1 -1 -1 
299 0 4 398 6 333 621 -1 -1 -1 -1 
300 0 4 413 13 325 615 -1 -1 -1 -1 
301 0 4 424 16 335 608 -1 -1 -1 -1 
302 0 4 430 14 332 618 -1 -1 -1 -1 
303 0 4 432 1 332 648 -1 -1 -1 -1 
304 0 4 433 2 339 638 -1 -1 -1 -1 
305 0 4 434 0 353 658 -1 -1 -1 -1 
307 0 4 440 8 376 661 -1 -1 -1 -1 
310 0 4 504 0 327 753 -1 -1 -1 -1 
311 0 4 515 0 341 775 -1 -1 -1 -1 
315 0 4 574 12 347 776 -1 -1 -1 -1 
316 0 4 586 10 368 780 -1 -1 -1 -1 
317 0 4 596 5 353 794 -1 -1 -1 -1 
318 0 4 604 1 355 803 -1 -1 -1 -1 
319 0 4 611 1 361 806 -1 -1 -1 -1 
320 0 4 617 1 373 805 -1 -1 -1 -1 
321 0 4 620 0 367 814 -1 -1 -1 -1 
322 0 4 614 1 392 817 -1 -1 -1 -1 
323 0 4 615 7 365 809 -1 -1 -1 -1 
324 0 4 610 9 368 811 -1 -1 -1 -1 
325 0 4 608 4 361 817 -1 -1 -1 -1 
326 0 4 595 10 380 811 -1 -1 -1 -1 
327 0 4 592 11 367 812 -1 -1 -1 -1 
328 0 4 587 3 377 826 -1 -1 -1 -1 
329 0 4 585 6 376 820 -1 -1 -1 -1 
330 0 4 586 8 369 809 -1 -1 -1 -1 
331 0 4 586 7 362 811 -1 -1 -1 -1 
332 0 4 584 9 361 809 -1 -1 -1 -1 
333 0 4 583 7 357 808 -1 -1 -1 -1 
334 0 4 584 6 355 808 -1 -1 -1 -1 
335 0 4 582 6 359 808 -1 -1 -1 -1 
336 0 4 582 4 357 810 -1 -1 -1 -1 
337 0 4 581 4 367 812 -1 -1 -1 -1 
338 0 4 581 4 372 813 -1 -1 -1 -1 
339 0 4 581 4 377 810 -1 -1 -1 -1 
340 0 4 582 3 377 811 -1 -1 -1 -1 
341 0 4 582 4 377 810 -1 -1 -1 -1 
342 0 4 581 5 381 809 -1 -1 -1 -1 
343 0 4 582 4 382 817 -1 -1 -1 -1 
344 0 4 583 4 381 818 -1 -1 -1 -1 
345 0 4 584 6 366 814 -1 -1 -1 -1 
346 0 4 583 8 366 808 -1 -1 -1 -1 
347 0 4 583 8 366 809 -1 -1 -1 -1 
348 0 4 582 8 369 810 -1 -1 -1 -1 
349 0 4 583 6 369 814 -1 -1 -1 -1 
350 0 4 583 7 370 813 -1 -1 -1 -1 
351 0 4 584 8 368 813 -1 -1 -1 -1 
352 0 4 584 9 369 814 -1 -1 -1 -1 
353 0 4 584 11 374 813 -1 -1 -1 -1 
354 0 4 584 9 378 824 -1 -1 -1 -1 
355 0 4 587 10 376 817 -1 -1 -1 -1 
356 0 4 589 8 367 798 -1 -1 -1 -1 
357 0 4 590 11 374 797 -1 -1 -1 -1 
358 0 4 591 15 366 793 -1 -1 -1 -1 
359 0 4 591 4 366 821 -1 -1 -1 -1 
360 0 4 591 9 369 827 -1 -1 -1 -1 
361 0 4 601 13 362 819 -1 -1 -1 -1 
362 0 4 605 10 355 830 -1 -1 -1 -1 
363 0 4 605 8 363 830 -1 -1 -1 -1 
364 0 4 607 2 380 843 -1 -1 -1 -1 
365 0 4 611 1 392 840 -1 -1 -1 -1 
366 0 4 616 3 389 844 -1 -1 -1 -1 
367 0 4 617 2 403 862 -1 -1 -1 -1 
368 0 4 618 0 392 899 -1 -1 -1 -1 
369 0 4 617 0 386 924 -1 -1 -1 -1 
370 0 4 615 19 394 932 -1 -1 -1 -1 
371 0 4 610 18 390 987 -1 -1 -1 -1 
372 0 4 609 53 401 953 -1 -1 -1 -1 
373 0 4 609 95 390 911 -1 -1 -1 -1 
374 0 4 594 131 404 846 -1 -1 -1 -1 
375 0 4 585 139 404 847 -1 -1 -1 -1 
376 0 4 576 164 410 794 -1 -1 -1 -1 
377 0 4 572 167 416 793 -1 -1 -1 -1 
378 0 4 563 194 429 789 -1 -1 -1 -1 
379 0 4 552 212 445 740 -1 -1 -1 -1 
380 0 4 546 215 453 842 -1 -1 -1 -1 
381 0 4 532 260 470 791 -1 -1 -1 -1 
382 0 4 529 290 481 771 -1 -1 -1 -1 
383 0 4 524 324 478 672 -1 -1 -1 -1 
384 0 4 521 360 480 687 -1 -1 -1 -1 
385 0 4 507 385 488 672 -1 -1 -1 -1 
386 0 4 501 415 486 657 -1 -1 -1 -1 
387 0 4 495 441 488 634 -1 -1 -1 -1 
388 0 4 486 465 479 610 -1 -1 -1 -1 
389 0 4 478 495 458 583 -1 -1 -1 -1 
390 0 4 436 527 482 544 -1 -1 -1 -1 
391 0 4 400 561 510 509 -1 -1 -1 -1 
392 0 4 362 603 508 472 -1 -1 -1 -1 
393 0 4 304 641 502 431 -1 -1 -1 -1 
394 0 4 249 676 528 400 -1 -1 -1 -1 
395 0 4 188 694 540 385 -1 -1 -1 -1 
396 0 4 131 708 538 368 -1 -1 -1 -1 
397 0 4 64 734 559 342 -1 -1 -1 -1 
398 0 4 25 758 544 321 -1 -1 -1 -1 
399 0 4 0 785 528 294 -1 -1 -1 -1 
579 0 8 156 26 352 572 -1 -1 -1 -1 
581 0 8 210 3 275 598 -1 -1 -1 -1 
582 0 8 225 11 303 576 -1 -1 -1 -1 
583 0 8 255 3 335 582 -1 -1 -1 -1 
584 0 8 280 0 380 603 -1 -1 -1 -1 
585 0 8 306 0 385 611 -1 -1 -1 -1 
586 0 8 337 3 384 587 -1 -1 -1 -1 
587 0 8 361 3 360 582 -1 -1 -1 -1 
588 0 8 389 3 327 600 -1 -1 -1 -1 
589 0 8 408 5 292 585 -1 -1 -1 -1 
590 0 8 418 12 317 577 -1 -1 -1 -1 
591 0 8 433 5 309 591 -1 -1 -1 -1 
592 0 8 446 0 303 624 -1 -1 -1 -1 
594 0 8 472 3 323 655 -1 -1 -1 -1 
598 0 8 538 5 361 668 -1 -1 -1 -1 
599 0 8 558 7 364 659 -1 -1 -1 -1 
603 0 8 593 0 315 745 -1 -1 -1 -1 
605 0 8 591 0 309 769 -1 -1 -1 -1 
615 0 8 571 8 334 733 -1 -1 -1 -1 
638 0 8 555 10 338 713 -1 -1 -1 -1 
639 0 8 557 9 326 725 -1 -1 -1 -1 
640 0 8 551 15 340 735 -1 -1 -1 -1 
641 0 8 553 17 326 734 -1 -1 -1 -1 
642 0 8 529 22 350 718 -1 -1 -1 -1 
643 0 8 534 27 333 710 -1 -1 -1 -1 
644 0 8 520 22 345 711 -1 -1 -1 -1 
645 0 8 508 19 352 726 -1 -1 -1 -1 
646 0 8 515 27 346 719 -1 -1 -1 -1 
647 0 8 520 21 339 751 -1 -1 -1 -1 
648 0 8 518 17 340 797 -1 -1 -1 -1 
649 0 8 512 14 346 861 -1 -1 -1 -1 
650 0 8 516 28 348 881 -1 -1 -1 -1 
651 0 8 499 23 374 918 -1 -1 -1 -1 
652 0 8 505 15 371 959 -1 -1 -1 -1 
653 0 8 506 12 395 967 -1 -1 -1 -1 
655 0 8 512 8 426 968 -1 -1 -1 -1 
656 0 8 514 19 439 934 -1 -1 -1 -1 
657 0 8 515 14 449 1024 -1 -1 -1 -1 
658 0 8 523 57 434 1011 -1 -1 -1 -1 
659 0 8 494 80 475 999 -1 -1 -1 -1 
660 0 8 494 95 465 960 -1 -1 -1 -1 
661 0 8 475 112 466 949 -1 -1 -1 -1 
662 0 8 451 143 473 919 -1 -1 -1 -1 
663 0 8 428 176 494 900 -1 -1 -1 -1 
664 0 8 411 207 493 864 -1 -1 -1 -1 
665 0 8 390 240 489 831 -1 -1 -1 -1 
666 0 8 371 271 503 799 -1 -1 -1 -1 
667 0 8 355 318 501 761 -1 -1 -1 -1 
668 0 8 323 393 545 672 -1 -1 -1 -1 
669 0 8 305 415 554 649 -1 -1 -1 -1 
670 0 8 263 444 604 619 -1 -1 -1 -1 
671 0 8 223 522 551 544 -1 -1 -1 -1 
672 0 8 168 578 531 498 -1 -1 -1 -1 
673 0 8 107 616 510 457 -1 -1 -1 -1 
674 0 8 34 646 497 429 -1 -1 -1 -1 
675 0 8 0 701 479 377 -1 -1 -1 -1 
676 0 8 0 743 410 336 -1 -1 -1 -1 
843 0 11 394 15 355 586 -1 -1 -1 -1 
844 0 11 439 19 306 571 -1 -1 -1 -1 
851 0 13 487 5 368 644 -1 -1 -1 -1 
852 0 13 498 0 356 697 -1 -1 -1 -1 
853 0 13 511 0 341 719 -1 -1 -1 -1 
854 0 13 521 8 334 714 -1 -1 -1 -1 
855 0 13 534 0 329 771 -1 -1 -1 -1 
856 0 13 542 0 350 786 -1 -1 -1 -1 
857 0 13 553 1 360 792 -1 -1 -1 -1 
858 0 13 560 1 366 790 -1 -1 -1 -1 
859 0 13 571 1 372 789 -1 -1 -1 -1 
860 0 13 576 1 368 788 -1 -1 -1 -1 
861 0 13 582 6 364 783 -1 -1 -1 -1 
862 0 13 584 5 362 784 -1 -1 -1 -1 
863 0 13 586 8 354 776 -1 -1 -1 -1 
864 0 13 585 8 344 767 -1 -1 -1 -1 
865 0 13 585 9 335 758 -1 -1 -1 -1 
866 0 13 585 5 335 764 -1 -1 -1 -1 
867 0 13 584 3 335 772 -1 -1 -1 -1 
868 0 13 581 3 348 778 -1 -1 -1 -1 
869 0 13 581 4 355 784 -1 -1 -1 -1 
870 0 13 581 1 361 791 -1 -1 -1 -1 
871 0 13 581 1 359 792 -1 -1 -1 -1 
874 0 13 578 0 361 797 -1 -1 -1 -1 
877 0 13 582 0 341 795 -1 -1 -1 -1 
878 0 13 579 1 342 786 -1 -1 -1 -1 
879 0 13 580 0 338 786 -1 -1 -1 -1 
880 0 13 581 0 334 779 -1 -1 -1 -1 
881 0 13 582 0 329 777 -1 -1 -1 -1 
882 0 13 578 0 339 774 -1 -1 -1 -1 
883 0 13 572 0 346 766 -1 -1 -1 -1 
884 0 13 573 0 343 776 -1 -1 -1 -1 
885 0 13 575 5 338 769 -1 -1 -1 -1 
886 0 13 570 9 337 775 -1 -1 -1 -1 
887 0 13 560 7 345 773 -1 -1 -1 -1 
888 0 13 557 0 339 783 -1 -1 -1 -1 
889 0 13 549 0 343 774 -1 -1 -1 -1 
890 0 13 544 0 345 782 -1 -1 -1 -1 
891 0 13 541 0 344 777 -1 -1 -1 -1 
892 0 13 537 0 346 784 -1 -1 -1 -1 
893 0 13 532 0 353 797 -1 -1 -1 -1 
894 0 13 527 7 366 792 -1 -1 -1 -1 
895 0 13 522 10 386 836 -1 -1 -1 -1 
896 0 13 515 8 408 889 -1 -1 -1 -1 
897 0 13 510 25 440 921 -1 -1 -1 -1 
898 0 13 513 34 457 932 -1 -1 -1 -1 
899 0 13 524 53 462 935 -1 -1 -1 -1 
900 0 13 523 60 466 939 -1 -1 -1 -1 
901 0 13 527 64 449 945 -1 -1 -1 -1 
902 0 13 530 82 434 914 -1 -1 -1 -1 
903 0 13 531 124 412 903 -1 -1 -1 -1 
904 0 13 518 134 410 927 -1 -1 -1 -1 
905 0 13 514 167 396 904 -1 -1 -1 -1 
906 0 13 494 219 405 857 -1 -1 -1 -1 
907 0 13 462 255 409 822 -1 -1 -1 -1 
908 0 13 439 286 396 790 -1 -1 -1 -1 
909 0 13 395 316 422 760 -1 -1 -1 -1 
910 0 13 358 342 420 727 -1 -1 -1 -1 
911 0 13 313 393 498 667 -1 -1 -1 -1 
912 0 13 270 441 586 629 -1 -1 -1 -1 
913 0 13 225 504 472 551 -1 -1 -1 -1 
914 0 13 175 553 472 526 -1 -1 -1 -1 
915 0 13 116 627 463 445 -1 -1 -1 -1 
916 0 13 45 677 455 398 -1 -1 -1 -1 
917 0 13 6 733 392 346 -1 -1 -1 -1 
918 0 13 3 777 313 302 -1 -1 -1 -1 
919 0 13 0 821 245 258 -1 -1 -1 -1 
1098 0 16 187 0 305 588 -1 -1 -1 -1 
1099 0 16 207 0 295 569 -1 -1 -1 -1 
1100 0 16 226 0 345 576 -1 -1 -1 -1 
1101 0 16 230 0 400 580 -1 -1 -1 -1 
1102 0 16 243 0 418 579 -1 -1 -1 -1 
1103 0 16 278 0 416 573 -1 -1 -1 -1 
1105 0 16 330 0 375 577 -1 -1 -1 -1 
1107 0 16 369 0 352 568 -1 -1 -1 -1 
1115 0 17 475 0 401 718 -1 -1 -1 -1 
1116 0 17 505 2 398 707 -1 -1 -1 -1 
1117 0 17 518 0 403 710 -1 -1 -1 -1 
1118 0 17 531 0 398 698 -1 -1 -1 -1 
1119 0 17 540 1 389 665 -1 -1 -1 -1 
1120 0 17 543 0 380 677 -1 -1 -1 -1 
1121 0 17 544 0 381 685 -1 -1 -1 -1 
1122 0 17 544 0 375 697 -1 -1 -1 -1 
1123 0 17 548 0 363 692 -1 -1 -1 -1 
1124 0 17 548 0 369 709 -1 -1 -1 -1 
1125 0 17 550 1 372 694 -1 -1 -1 -1 
1126 0 17 549 0 380 692 -1 -1 -1 -1 
1127 0 17 550 0 382 688 -1 -1 -1 -1 
1128 0 17 550 0 384 692 -1 -1 -1 -1 
1129 0 17 556 0 379 747 -1 -1 -1 -1 
1130 0 17 554 0 383 759 -1 -1 -1 -1 
1131 0 17 553 0 380 763 -1 -1 -1 -1 
1132 0 17 552 0 381 763 -1 -1 -1 -1 
1133 0 17 552 0 381 763 -1 -1 -1 -1 
1134 0 17 552 1 378 760 -1 -1 -1 -1 
1135 0 17 551 0 379 762 -1 -1 -1 -1 
1136 0 17 549 0 383 761 -1 -1 -1 -1 
1137 0 17 548 0 387 761 -1 -1 -1 -1 
1138 0 17 548 0 385 761 -1 -1 -1 -1 
1139 0 17 548 0 386 761 -1 -1 -1 -1 
1140 0 17 549 0 384 764 -1 -1 -1 -1 
1141 0 17 549 0 384 763 -1 -1 -1 -1 
1142 0 17 551 0 379 763 -1 -1 -1 -1 
1143 0 17 551 0 379 765 -1 -1 -1 -1 
1144 0 17 551 0 380 766 -1 -1 -1 -1 
1145 0 17 551 0 380 765 -1 -1 -1 -1 
1146 0 17 550 0 382 765 -1 -1 -1 -1 
1147 0 17 550 0 383 765 -1 -1 -1 -1 
1148 0 17 551 0 382 766 -1 -1 -1 -1 
1149 0 17 552 0 380 768 -1 -1 -1 -1 
1150 0 17 551 0 382 767 -1 -1 -1 -1 
1151 0 17 552 0 381 766 -1 -1 -1 -1 
1152 0 17 553 0 379 767 -1 -1 -1 -1 
1153 0 17 553 0 379 767 -1 -1 -1 -1 
1154 0 17 554 0 377 767 -1 -1 -1 -1 
1155 0 17 549 6 381 707 -1 -1 -1 -1 
1156 0 17 557 0 369 753 -1 -1 -1 -1 
1157 0 17 555 0 372 767 -1 -1 -1 -1 
1158 0 17 556 0 370 780 -1 -1 -1 -1 
1159 0 17 555 0 376 787 -1 -1 -1 -1 
1160 0 17 556 0 375 790 -1 -1 -1 -1 
1161 0 17 560 1 360 771 -1 -1 -1 -1 
1162 0 17 558 0 362 774 -1 -1 -1 -1 
1163 0 17 563 0 356 782 -1 -1 -1 -1 
1164 0 17 566 0 354 782 -1 -1 -1 -1 
1165 0 17 574 0 354 782 -1 -1 -1 -1 
1166 0 17 581 0 351 779 -1 -1 -1 -1 
1167 0 17 581 0 367 766 -1 -1 -1 -1 
1168 0 17 583 0 361 774 -1 -1 -1 -1 
1169 0 17 586 0 366 783 -1 -1 -1 -1 
1170 0 17 588 0 374 808 -1 -1 -1 -1 
1171 0 17 583 9 389 826 -1 -1 -1 -1 
1172 0 17 582 3 391 871 -1 -1 -1 -1 
1173 0 17 584 4 390 921 -1 -1 -1 -1 
1174 0 17 581 22 392 914 -1 -1 -1 -1 
1175 0 17 574 30 396 916 -1 -1 -1 -1 
1176 0 17 569 50 391 939 -1 -1 -1 -1 
1177 0 17 554 58 393 940 -1 -1 -1 -1 
1178 0 17 533 84 409 896 -1 -1 -1 -1 
1179 0 17 514 78 426 907 -1 -1 -1 -1 
1180 0 17 500 102 443 848 -1 -1 -1 -1 
1181 0 17 485 139 466 824 -1 -1 -1 -1 
1182 0 17 473 139 486 874 -1 -1 -1 -1 
1183 0 17 455 143 517 933 -1 -1 -1 -1 
1184 0 17 450 180 516 899 -1 -1 -1 -1 
1185 0 17 446 197 513 882 -1 -1 -1 -1 
1186 0 17 450 243 514 818 -1 -1 -1 -1 
1187 0 17 456 277 490 798 -1 -1 -1 -1 
1188 0 17 461 312 493 767 -1 -1 -1 -1 
1189 0 17 459 334 490 745 -1 -1 -1 -1 
1190 0 17 457 361 491 718 -1 -1 -1 -1 
1191 0 17 447 386 490 689 -1 -1 -1 -1 
1192 0 17 438 424 490 651 -1 -1 -1 -1 
1193 0 17 424 471 484 601 -1 -1 -1 -1 
1194 0 17 391 521 496 552 -1 -1 -1 -1 
1195 0 17 366 569 481 506 -1 -1 -1 -1 
1196 0 17 309 593 489 486 -1 -1 -1 -1 
1197 0 17 247 635 524 444 -1 -1 -1 -1 
1198 0 17 190 671 528 408 -1 -1 -1 -1 
1199 0 17 145 709 551 368 -1 -1 -1 -1 
1200 0 17 80 757 583 319 -1 -1 -1 -1 
1201 0 17 47 811 529 268 -1 -1 -1 -1 
1301 0 19 129 13 296 553 -1 -1 -1 -1 
1302 0 19 171 3 273 589 -1 -1 -1 -1 
1303 0 19 199 5 282 537 -1 -1 -1 -1 
1304 0 19 221 0 348 580 -1 -1 -1 -1 
1305 0 19 239 10 360 566 -1 -1 -1 -1 
1306 0 19 273 10 431 610 -1 -1 -1 -1 
1307 0 19 305 19 454 631 -1 -1 -1 -1 
1313 0 19 508 0 320 681 -1 -1 -1 -1 
1314 0 19 523 0 326 710 -1 -1 -1 -1 
1315 0 19 537 6 325 696 -1 -1 -1 -1 
1316 0 19 548 13 322 688 -1 -1 -1 -1 
1317 0 19 557 7 317 696 -1 -1 -1 -1 
1318 0 19 557 6 313 698 -1 -1 -1 -1 
1319 0 19 564 1 306 704 -1 -1 -1 -1 
1320 0 19 566 0 306 704 -1 -1 -1 -1 
1321 0 19 566 0 308 705 -1 -1 -1 -1 
1322 0 19 567 1 308 699 -1 -1 -1 -1 
1323 0 19 567 0 308 698 -1 -1 -1 -1 
1324 0 19 568 1 309 700 -1 -1 -1 -1 
1325 0 19 568 1 308 699 -1 -1 -1 -1 
1326 0 19 567 0 312 703 -1 -1 -1 -1 
1327 0 19 568 2 310 700 -1 -1 -1 -1 
1328 0 19 568 1 309 703 -1 -1 -1 -1 
1329 0 19 570 2 305 700 -1 -1 -1 -1 
1330 0 19 569 2 308 698 -1 -1 -1 -1 
1331 0 19 570 4 305 693 -1 -1 -1 -1 
1332 0 19 571 4 303 692 -1 -1 -1 -1 
1333 0 19 570 0 305 701 -1 -1 -1 -1 
1334 0 19 569 1 306 699 -1 -1 -1 -1 
1335 0 19 569 0 308 704 -1 -1 -1 -1 
1336 0 19 567 1 312 704 -1 -1 -1 -1 
1337 0 19 568 0 311 712 -1 -1 -1 -1 
1338 0 19 567 0 311 711 -1 -1 -1 -1 
1340 0 19 568 0 308 710 -1 -1 -1 -1 
1341 0 19 569 0 307 712 -1 -1 -1 -1 
1342 0 19 568 1 309 706 -1 -1 -1 -1 
1346 0 19 568 1 306 701 -1 -1 -1 -1 
1347 0 19 568 0 305 703 -1 -1 -1 -1 
1348 0 19 568 0 306 706 -1 -1 -1 -1 
1349 0 19 567 0 307 708 -1 -1 -1 -1 
1350 0 19 567 0 306 709 -1 -1 -1 -1 
1351 0 19 567 0 306 708 -1 -1 -1 -1 
1352 0 19 567 0 307 709 -1 -1 -1 -1 
1353 0 19 567 0 305 710 -1 -1 -1 -1 
1354 0 19 565 0 307 704 -1 -1 -1 -1 
1355 0 19 566 0 306 702 -1 -1 -1 -1 
1356 0 19 566 0 306 700 -1 -1 -1 -1 
1357 0 19 567 0 304 699 -1 -1 -1 -1 
1359 0 19 566 0 306 709 -1 -1 -1 -1 
1360 0 19 568 3 305 713 -1 -1 -1 -1 
1361 0 19 567 7 313 717 -1 -1 -1 -1 
1362 0 19 572 11 311 720 -1 -1 -1 -1 
1363 0 19 576 1 308 737 -1 -1 -1 -1 
1364 0 19 584 1 304 747 -1 -1 -1 -1 
1365 0 19 585 1 302 734 -1 -1 -1 -1 
1366 0 19 589 4 310 739 -1 -1 -1 -1 
1367 0 19 595 10 315 725 -1 -1 -1 -1 
1368 0 19 597 5 318 758 -1 -1 -1 -1 
1369 0 19 595 18 329 799 -1 -1 -1 -1 
1370 0 19 595 28 328 847 -1 -1 -1 -1 
1371 0 19 591 48 336 865 -1 -1 -1 -1 
1372 0 19 588 81 339 861 -1 -1 -1 -1 
1373 0 19 583 103 344 871 -1 -1 -1 -1 
1374 0 19 565 140 354 879 -1 -1 -1 -1 
1375 0 19 552 180 358 819 -1 -1 -1 -1 
1376 0 19 533 211 376 789 -1 -1 -1 -1 
1377 0 19 515 220 400 764 -1 -1 -1 -1 
1378 0 19 498 244 417 743 -1 -1 -1 -1 
1379 0 19 479 264 423 761 -1 -1 -1 -1 
1380 0 19 461 302 439 698 -1 -1 -1 -1 
1381 0 19 445 328 468 688 -1 -1 -1 -1 
1382 0 19 409 374 497 701 -1 -1 -1 -1 
1383 0 19 377 427 523 631 -1 -1 -1 -1 
1384 0 19 322 462 546 617 -1 -1 -1 -1 
1385 0 19 272 498 518 581 -1 -1 -1 -1 
1386 0 19 209 547 502 532 -1 -1 -1 -1 
1387 0 19 154 587 500 488 -1 -1 -1 -1 
1388 0 19 106 627 485 445 -1 -1 -1 -1 
1389 0 19 38 668 513 402 -1 -1 -1 -1 
1390 0 19 4 700 467 370 -1 -1 -1 -1 
1391 0 19 0 737 397 342 -1 -1 -1 -1 
1392 0 19 0 753 313 326 -1 -1 -1 -1 
1393 0 19 0 845 239 233 -1 -1 -1 -1 
1394 0 19 1 872 180 207 -1 -1 -1 -1 
1395 0 19 0 896 137 183 -1 -1 -1 -1 
