12 0 1 93 0 234 542 -1 -1 -1 -1 
13 0 1 128 0 245 551 -1 -1 -1 -1 
14 0 1 154 0 280 559 -1 -1 -1 -1 
15 0 1 199 0 249 536 -1 -1 -1 -1 
16 0 1 225 0 276 544 -1 -1 -1 -1 
17 0 1 236 1 292 539 -1 -1 -1 -1 
18 0 1 260 0 320 570 -1 -1 -1 -1 
21 0 1 329 3 308 577 -1 -1 -1 -1 
22 0 1 361 3 358 627 -1 -1 -1 -1 
23 0 1 402 1 327 635 -1 -1 -1 -1 
26 0 1 455 0 349 674 -1 -1 -1 -1 
27 0 1 503 0 326 709 -1 -1 -1 -1 
28 0 1 524 2 328 704 -1 -1 -1 -1 
57 12 1 546 12 317 747 -1 -1 -1 -1 
59 0 1 544 1 320 780 -1 -1 -1 -1 
60 0 1 543 1 322 779 -1 -1 -1 -1 
61 0 1 546 0 319 787 -1 -1 -1 -1 
62 0 1 544 0 327 788 -1 -1 -1 -1 
63 0 1 547 1 324 785 -1 -1 -1 -1 
64 0 1 547 0 332 782 -1 -1 -1 -1 
65 0 1 552 0 331 775 -1 -1 -1 -1 
66 0 1 559 2 329 763 -1 -1 -1 -1 
