13 0 4 129 0 244 552 -1 -1 -1 -1 
13 0 5 129 0 245 552 -1 -1 -1 -1 
13 0 6 129 0 245 551 -1 -1 -1 -1 
14 0 4 143 0 246 554 -1 -1 -1 -1 
14 0 5 144 0 246 555 -1 -1 -1 -1 
14 0 6 144 0 246 553 -1 -1 -1 -1 
15 0 7 198 0 250 535 -1 -1 -1 -1 
15 0 8 199 0 249 535 -1 -1 -1 -1 
15 0 10 198 0 251 535 -1 -1 -1 -1 
16 0 7 219 1 267 508 -1 -1 -1 -1 
16 0 8 219 1 267 508 -1 -1 -1 -1 
16 0 10 220 1 266 509 -1 -1 -1 -1 
17 0 7 234 0 292 532 -1 -1 -1 -1 
17 0 8 234 0 291 535 -1 -1 -1 -1 
17 0 10 235 0 290 534 -1 -1 -1 -1 
18 0 7 260 0 319 569 -1 -1 -1 -1 
18 0 8 258 0 321 568 -1 -1 -1 -1 
18 0 10 260 0 320 570 -1 -1 -1 -1 
21 0 7 329 2 308 577 -1 -1 -1 -1 
21 0 10 327 1 304 576 -1 -1 -1 -1 
22 0 7 362 4 335 614 -1 -1 -1 -1 
22 0 10 365 0 329 636 -1 -1 -1 -1 
23 0 7 402 1 325 631 -1 -1 -1 -1 
23 0 10 401 1 327 637 -1 -1 -1 -1 
28 0 18 521 2 326 700 -1 -1 -1 -1 
57 12 18 542 15 317 746 -1 -1 -1 -1 
59 0 18 542 1 320 780 -1 -1 -1 -1 
60 0 18 548 18 321 750 -1 -1 -1 -1 
61 0 18 547 7 322 776 -1 -1 -1 -1 
61 0 20 544 0 319 786 -1 -1 -1 -1 
61 0 22 543 1 320 784 -1 -1 -1 -1 
61 0 23 542 3 327 776 -1 -1 -1 -1 
62 0 18 541 2 335 781 -1 -1 -1 -1 
62 0 20 541 0 332 782 -1 -1 -1 -1 
62 0 22 542 0 327 787 -1 -1 -1 -1 
62 0 23 544 0 325 786 -1 -1 -1 -1 
63 0 18 546 4 329 773 -1 -1 -1 -1 
63 0 20 546 0 324 783 -1 -1 -1 -1 
63 0 22 545 0 325 782 -1 -1 -1 -1 
63 0 23 544 3 334 773 -1 -1 -1 -1 
64 0 18 547 0 332 781 -1 -1 -1 -1 
64 0 20 547 1 330 779 -1 -1 -1 -1 
64 0 22 550 4 328 770 -1 -1 -1 -1 
64 0 23 548 3 333 771 -1 -1 -1 -1 
65 0 18 550 0 334 780 -1 -1 -1 -1 
65 0 20 549 0 335 781 -1 -1 -1 -1 
65 0 22 551 0 333 774 -1 -1 -1 -1 
65 0 23 552 0 331 774 -1 -1 -1 -1 
66 0 18 559 2 328 764 -1 -1 -1 -1 
66 0 20 564 0 320 790 -1 -1 -1 -1 
66 0 22 560 11 327 756 -1 -1 -1 -1 
66 0 23 558 4 335 765 -1 -1 -1 -1 
67 0 18 563 6 331 767 -1 -1 -1 -1 
67 0 20 565 12 326 757 -1 -1 -1 -1 
67 0 22 566 14 323 753 -1 -1 -1 -1 
67 0 23 564 6 330 768 -1 -1 -1 -1 
67 0 25 562 1 328 766 -1 -1 -1 -1 
67 0 26 554 9 339 780 -1 -1 -1 -1 
67 0 28 564 2 325 766 -1 -1 -1 -1 
68 0 18 567 4 334 768 -1 -1 -1 -1 
68 0 20 567 16 329 751 -1 -1 -1 -1 
68 0 22 569 20 326 745 -1 -1 -1 -1 
68 0 23 566 4 329 760 -1 -1 -1 -1 
68 0 25 559 4 336 796 -1 -1 -1 -1 
68 0 26 565 4 330 760 -1 -1 -1 -1 
68 0 28 567 4 333 766 -1 -1 -1 -1 
69 0 18 572 16 335 755 -1 -1 -1 -1 
69 0 20 573 37 328 716 -1 -1 -1 -1 
69 0 22 571 35 330 721 -1 -1 -1 -1 
69 0 23 573 12 325 754 -1 -1 -1 -1 
69 0 25 561 16 343 787 -1 -1 -1 -1 
69 0 26 572 13 327 751 -1 -1 -1 -1 
69 0 28 573 16 334 754 -1 -1 -1 -1 
70 0 18 580 16 322 776 -1 -1 -1 -1 
70 0 20 575 30 319 753 -1 -1 -1 -1 
70 0 22 577 33 313 747 -1 -1 -1 -1 
70 0 23 579 16 322 774 -1 -1 -1 -1 
70 0 25 576 23 328 770 -1 -1 -1 -1 
70 0 26 576 22 326 747 -1 -1 -1 -1 
70 0 28 578 21 327 767 -1 -1 -1 -1 
71 0 18 574 21 319 820 -1 -1 -1 -1 
71 0 20 579 32 330 813 -1 -1 -1 -1 
71 0 22 580 37 313 745 -1 -1 -1 -1 
71 0 23 585 29 321 814 -1 -1 -1 -1 
71 0 25 579 28 331 821 -1 -1 -1 -1 
71 0 26 579 32 312 806 -1 -1 -1 -1 
72 0 18 578 50 324 821 -1 -1 -1 -1 
72 0 20 585 48 321 833 -1 -1 -1 -1 
72 0 22 578 54 325 816 -1 -1 -1 -1 
72 0 23 582 45 325 837 -1 -1 -1 -1 
72 0 25 583 49 297 832 -1 -1 -1 -1 
72 0 26 573 55 313 812 -1 -1 -1 -1 
72 0 28 581 43 334 825 -1 -1 -1 -1 
73 0 18 585 74 281 852 -1 -1 -1 -1 
73 0 20 581 80 332 848 -1 -1 -1 -1 
73 0 22 580 58 327 823 -1 -1 -1 -1 
73 0 23 584 68 329 873 -1 -1 -1 -1 
73 0 25 582 73 331 859 -1 -1 -1 -1 
73 0 26 569 76 313 834 -1 -1 -1 -1 
74 0 18 579 109 294 864 -1 -1 -1 -1 
74 0 20 578 116 331 868 -1 -1 -1 -1 
74 0 22 580 104 330 878 -1 -1 -1 -1 
74 0 23 577 99 335 884 -1 -1 -1 -1 
74 0 25 574 105 332 869 -1 -1 -1 -1 
74 0 26 572 105 329 866 -1 -1 -1 -1 
74 0 28 578 117 332 866 -1 -1 -1 -1 
75 0 18 572 134 345 866 -1 -1 -1 -1 
75 0 20 580 125 332 878 -1 -1 -1 -1 
75 0 22 582 112 332 890 -1 -1 -1 -1 
75 0 23 578 107 337 895 -1 -1 -1 -1 
76 0 18 563 160 354 874 -1 -1 -1 -1 
76 0 20 570 174 333 840 -1 -1 -1 -1 
76 0 25 568 157 349 887 -1 -1 -1 -1 
76 0 26 565 153 353 895 -1 -1 -1 -1 
76 0 28 564 166 353 878 -1 -1 -1 -1 
77 0 18 549 195 367 858 -1 -1 -1 -1 
77 0 20 549 207 371 853 -1 -1 -1 -1 
77 0 25 548 203 372 864 -1 -1 -1 -1 
77 0 26 551 204 372 867 -1 -1 -1 -1 
77 0 28 550 207 372 863 -1 -1 -1 -1 
78 0 18 528 226 398 825 -1 -1 -1 -1 
78 0 20 533 227 392 839 -1 -1 -1 -1 
78 0 25 532 227 392 844 -1 -1 -1 -1 
78 0 26 549 221 377 858 -1 -1 -1 -1 
79 0 18 517 268 412 781 -1 -1 -1 -1 
79 0 20 517 266 399 798 -1 -1 -1 -1 
79 0 25 511 271 403 792 -1 -1 -1 -1 
79 0 26 517 268 399 796 -1 -1 -1 -1 
79 0 28 511 270 404 792 -1 -1 -1 -1 
80 0 18 500 296 410 771 -1 -1 -1 -1 
80 0 20 496 293 416 783 -1 -1 -1 -1 
80 0 25 498 295 413 774 -1 -1 -1 -1 
80 0 26 512 289 405 790 -1 -1 -1 -1 
81 0 18 475 326 425 735 -1 -1 -1 -1 
81 0 20 471 315 432 751 -1 -1 -1 -1 
81 0 25 473 327 428 734 -1 -1 -1 -1 
81 0 28 472 315 431 754 -1 -1 -1 -1 
82 0 18 453 337 439 694 -1 -1 -1 -1 
82 0 20 453 335 440 695 -1 -1 -1 -1 
82 0 25 452 349 439 722 -1 -1 -1 -1 
82 0 28 451 346 443 727 -1 -1 -1 -1 
